    0.5000
    0.5152
    0.5303
    0.5455
    0.5606
    0.5758
    0.5909
    0.6061
    0.6212
    0.6364
    0.6515
    0.6667
    0.6818
    0.6970
    0.7121
    0.7273
    0.7424
    0.7576
    0.7727
    0.7879
    0.8030
    0.8182
    0.8333
    0.8485
    0.8636
    0.8788
    0.8939
    0.9091
    0.9242
    0.9394
    0.9545
    0.9697
    0.9848
    1.0000
    1.0152
    1.0303
    1.0455
    1.0606
    1.0758
    1.0909
    1.1061
    1.1212
    1.1364
    1.1515
    1.1667
    1.1818
    1.1970
    1.2121
    1.2273
    1.2424
    1.2576
    1.2727
    1.2879
    1.3030
    1.3182
    1.3333
    1.3485
    1.3636
    1.3788
    1.3939
    1.4091
    1.4242
    1.4394
    1.4545
    1.4697
    1.4848
    1.5000
    1.5152
    1.5303
    1.5455
    1.5606
    1.5758
    1.5909
    1.6061
    1.6212
    1.6364
    1.6515
    1.6667
    1.6818
    1.6970
    1.7121
    1.7273
    1.7424
    1.7576
    1.7727
    1.7879
    1.8030
    1.8182
    1.8333
    1.8485
    1.8636
    1.8788
    1.8939
    1.9091
    1.9242
    1.9394
    1.9545
    1.9697
    1.9848
    2.0000










        0.9600
        0.9592
        0.9584
        0.9575
        0.9567
        0.9559
        0.9550
        0.9542
        0.9533
        0.9525
        0.9516
        0.9507
        0.9499
        0.9490
        0.9481
        0.9472
        0.9463
        0.9454
        0.9445
        0.9435
        0.9426
        0.9417
        0.9407
        0.9398
        0.9388
        0.9379
        0.9369
        0.9360
        0.9350
        0.9340
        0.9330
        0.9320
        0.9310
        0.9300
        0.9290
        0.9280
        0.9269
        0.9259
        0.9249
        0.9238
        0.9228
        0.9217
        0.9207
        0.9196
        0.9185
        0.9174
        0.9164
        0.9153
        0.9142
        0.9131
        0.9119
        0.9108
        0.9097
        0.9086
        0.9074
        0.9063
        0.9051
        0.9040
        0.9028
        0.9017
        0.9005
        0.8993
        0.8981
        0.8969
        0.8957
        0.8945
        0.8933
        0.8921
        0.8909
        0.8897
        0.8884
        0.8872
        0.8860
        0.8847
        0.8834
        0.8822
        0.8809
        0.8796
        0.8783
        0.8771
        0.8758
        0.8745
        0.8732
        0.8718
        0.8705
        0.8692
        0.8679
        0.8665
        0.8652
        0.8638
        0.8625
        0.8611
        0.8597
        0.8584
        0.8570
        0.8556
        0.8542
        0.8528
        0.8514
        0.8500