 4         0     5.60000e+00     1.73333e+03     2.00000e-01     4.28571e-02 
 4         1     3.40000e+00     3.36667e+03     4.00000e-01     8.57143e-02 
 4         2     7.80000e+00     6.44444e+02     6.00000e-01     1.28571e-01 
 4         3     2.30000e+00     2.27778e+03     8.00000e-01     1.71429e-01 
 4         4     6.70000e+00     3.91111e+03     4.00000e-02     2.14286e-01 
 4         5     4.50000e+00     1.18889e+03     2.40000e-01     2.57143e-01 
 4         6     8.90000e+00     2.82222e+03     4.40000e-01     6.12245e-03 
 4         7     1.75000e+00     4.45556e+03     6.40000e-01     4.89796e-02 
 4         8     6.15000e+00     2.81481e+02     8.40000e-01     9.18367e-02 
 4         9     3.95000e+00     1.91481e+03     8.00000e-02     1.34694e-01 
 4        10     8.35000e+00     3.54815e+03     2.80000e-01     1.77551e-01 
 4        11     2.85000e+00     8.25926e+02     4.80000e-01     2.20408e-01 
 4        12     7.25000e+00     2.45926e+03     6.80000e-01     2.63265e-01 
 4        13     5.05000e+00     4.09259e+03     8.80000e-01     1.22449e-02 
 4        14     9.45000e+00     1.37037e+03     1.20000e-01     5.51020e-02 
 4        15     1.47500e+00     3.00370e+03     3.20000e-01     9.79592e-02 
 4        16     5.87500e+00     4.63704e+03     5.20000e-01     1.40816e-01 
 4        17     3.67500e+00     4.62963e+02     7.20000e-01     1.83673e-01 
 4        18     8.07500e+00     2.09630e+03     9.20000e-01     2.26531e-01 
 4        19     2.57500e+00     3.72963e+03     1.60000e-01     2.69388e-01 
 4        20     6.97500e+00     1.00741e+03     3.60000e-01     1.83673e-02 
 4        21     4.77500e+00     2.64074e+03     5.60000e-01     6.12245e-02 
 4        22     9.17500e+00     4.27407e+03     7.60000e-01     1.04082e-01 
 4        23     2.02500e+00     1.55185e+03     9.60000e-01     1.46939e-01 
 4        24     6.42500e+00     3.18519e+03     8.00000e-03     1.89796e-01 
 4        25     4.22500e+00     4.81852e+03     2.08000e-01     2.32653e-01 
 4        26     8.62500e+00     1.60494e+02     4.08000e-01     2.75510e-01 
 4        27     3.12500e+00     1.79383e+03     6.08000e-01     2.44898e-02 
 4        28     7.52500e+00     3.42716e+03     8.08000e-01     6.73469e-02 
 4        29     5.32500e+00     7.04938e+02     4.80000e-02     1.10204e-01 
 4        30     9.72500e+00     2.33827e+03     2.48000e-01     1.53061e-01 
 4        31     1.33750e+00     3.97160e+03     4.48000e-01     1.95918e-01 
 4        32     5.73750e+00     1.24938e+03     6.48000e-01     2.38776e-01 
 4        33     3.53750e+00     2.88272e+03     8.48000e-01     2.81633e-01 
 4        34     7.93750e+00     4.51605e+03     8.80000e-02     3.06122e-02 
 4        35     2.43750e+00     3.41975e+02     2.88000e-01     7.34694e-02 
 4        36     6.83750e+00     1.97531e+03     4.88000e-01     1.16327e-01 
 4        37     4.63750e+00     3.60864e+03     6.88000e-01     1.59184e-01 
 4        38     9.03750e+00     8.86420e+02     8.88000e-01     2.02041e-01 
 4        39     1.88750e+00     2.51975e+03     1.28000e-01     2.44898e-01 
 4        40     6.28750e+00     4.15309e+03     3.28000e-01     2.87755e-01 
 4        41     4.08750e+00     1.43086e+03     5.28000e-01     3.67347e-02 
 4        42     8.48750e+00     3.06420e+03     7.28000e-01     7.95918e-02 
 4        43     2.98750e+00     4.69753e+03     9.28000e-01     1.22449e-01 
 4        44     7.38750e+00     5.23457e+02     1.68000e-01     1.65306e-01 
 4        45     5.18750e+00     2.15679e+03     3.68000e-01     2.08163e-01 
 4        46     9.58750e+00     3.79012e+03     5.68000e-01     2.51020e-01 
 4        47     1.61250e+00     1.06790e+03     7.68000e-01     2.93878e-01 
 4        48     6.01250e+00     2.70123e+03     9.68000e-01     8.74636e-04 
 4        49     3.81250e+00     4.33457e+03     1.60000e-02     4.37318e-02 
 4        50     8.21250e+00     1.61235e+03     2.16000e-01     8.65889e-02 
 4        51     2.71250e+00     3.24568e+03     4.16000e-01     1.29446e-01 
 4        52     7.11250e+00     4.87901e+03     6.16000e-01     1.72303e-01 
 4        53     4.91250e+00     2.20988e+02     8.16000e-01     2.15160e-01 
 4        54     9.31250e+00     1.85432e+03     5.60000e-02     2.58017e-01 
 4        55     2.16250e+00     3.48765e+03     2.56000e-01     6.99708e-03 
 4        56     6.56250e+00     7.65432e+02     4.56000e-01     4.98542e-02 
 4        57     4.36250e+00     2.39877e+03     6.56000e-01     9.27114e-02 
 4        58     8.76250e+00     4.03210e+03     8.56000e-01     1.35569e-01 
 4        59     3.26250e+00     1.30988e+03     9.60000e-02     1.78426e-01 
 4        60     7.66250e+00     2.94321e+03     2.96000e-01     2.21283e-01 
 4        61     5.46250e+00     4.57654e+03     4.96000e-01     2.64140e-01 
 4        62     9.86250e+00     4.02469e+02     6.96000e-01     1.31195e-02 
 4        63     1.26875e+00     2.03580e+03     8.96000e-01     5.59767e-02 
 4        64     5.66875e+00     3.66914e+03     1.36000e-01     9.88338e-02 
 4        65     3.46875e+00     9.46914e+02     3.36000e-01     1.41691e-01 
 4        66     7.86875e+00     2.58025e+03     5.36000e-01     1.84548e-01 
 4        67     2.36875e+00     4.21358e+03     7.36000e-01     2.27405e-01 
 4        68     6.76875e+00     1.49136e+03     9.36000e-01     2.70262e-01 
 4        69     4.56875e+00     3.12469e+03     1.76000e-01     1.92420e-02 
 4        70     8.96875e+00     4.75802e+03     3.76000e-01     6.20991e-02 
 4        71     1.81875e+00     5.83951e+02     5.76000e-01     1.04956e-01 
 4        72     6.21875e+00     2.21728e+03     7.76000e-01     1.47813e-01 
 4        73     4.01875e+00     3.85062e+03     9.76000e-01     1.90671e-01 
 4        74     8.41875e+00     1.12840e+03     2.40000e-02     2.33528e-01 
 4        75     2.91875e+00     2.76173e+03     2.24000e-01     2.76385e-01 
 4        76     7.31875e+00     4.39506e+03     4.24000e-01     2.53644e-02 
 4        77     5.11875e+00     1.67284e+03     6.24000e-01     6.82216e-02 
 4        78     9.51875e+00     3.30617e+03     8.24000e-01     1.11079e-01 
 4        79     1.54375e+00     4.93951e+03     6.40000e-02     1.53936e-01 
 4        80     5.94375e+00     1.20165e+02     2.64000e-01     1.96793e-01 
