 74.519854, 88.793582, -4.092782,  0.447421
 75.667303, 87.880461, -4.090137,  0.584814
170.533876, 92.279454, -4.087476,  0.523767
 75.189116, 90.176384, -4.125494,  0.456179
 74.655272, 88.576623, -4.125056,  0.499791
 75.165552, 87.989839, -4.125620,  0.499221
 75.954597, 87.436934, -4.124959,  0.499884
 74.525047, 89.051583, -4.125246,  0.499382
 74.700285, 89.649473, -4.108274,  0.462757
 74.525640, 89.177809, -4.127610,  0.489107
119.653889, 91.391067, -4.867170,  8.207161
 75.524938, 87.663148, -4.080354,  0.438758
 75.751402, 87.415543, -4.132892,  0.375179
 74.727898, 89.630616, -4.124846,  0.500002
152.126859, 89.048669, -5.833939,  7.994701
 74.606193, 89.413965, -4.125035,  0.499692
 76.583992, 91.003477, -4.125667,  0.499171
117.551751, 79.047438, -3.813796,  0.910248
 76.484705, 86.717105, -4.283374,  0.094407
 77.189523, 91.337650, -4.208890,  0.410183
160.249566, 90.090923, -5.248638,  5.405352
 76.178199, 90.783087, -4.124916,  0.499925
123.942641, 91.943855, -4.720953,  7.752200
155.662371, 82.247240, -3.304105,  1.473411
 75.455607, 90.320426, -4.123594,  0.501277
 74.532607, 88.926630, -4.122554,  0.497317
 75.817371, 87.520813, -4.124917,  0.499743
 75.286235, 87.882558, -4.125004,  0.493127
 74.949629, 88.175887, -4.120588,  0.488485
 75.778935, 90.550428, -4.121620,  0.493727
106.479954, 80.551411, -3.457051,  1.560721
 75.559090, 90.458654, -4.101552,  0.445434
 74.872436, 88.274342, -4.124846,  0.499922
103.071175, 97.960131, -4.140209,  0.462704
144.302074, 90.202382, -5.358753,  8.277956
 74.449784, 88.624240, -4.076313,  0.328674
 74.720015, 88.470290, -4.124721,  0.499811
105.857913, 82.811396, -3.853550,  3.507785
 80.665912, 85.373966, -4.137990,  0.470905
 98.181854, 86.431493, -4.747411,  5.657187
132.091008, 85.459235, -4.383456,  6.834920
163.095565, 89.182197, -5.752703,  5.542809
 76.372156, 87.198636, -4.125177,  0.499600
 76.193815, 87.281001, -4.115051,  0.483868
123.581049, 89.180644, -6.020862, 10.608829
132.414519, 83.738888, -3.965606,  5.122805
 75.010973, 88.060525, -4.180726,  0.424812
136.319204, 89.120101, -6.219005, 10.417294
 76.643090, 87.031289, -4.151786,  0.465301
 75.307171, 90.214757, -4.124905,  0.499937
 76.092691, 87.355409, -4.124926,  0.499903
 76.362903, 90.926772, -4.107279,  0.459755
 75.967795, 90.685221, -4.114319,  0.476305
 91.456820, 93.993122, -4.270188,  2.125830
 90.829063, 82.435709, -4.113903,  0.474149
 74.662340, 89.525759, -4.124960,  0.499874
105.381809, 96.370340, -4.283260,  2.313132
 75.978494, 90.667118, -4.125070,  0.499739
 75.128648, 90.067849, -4.125444,  0.499399
 76.341541, 90.966325, -4.203176,  0.387208
100.457953, 97.386736, -4.029267,  0.660015
175.316479, 89.541031, -4.116037,  0.496108
 88.103337, 83.038124, -4.189202,  0.369604
171.995305, 86.318678, -4.197880,  0.374041
 75.679658, 87.604028, -4.120185,  0.493370
 74.870281, 89.835722, -4.138741,  0.479352
 77.254150, 89.105625, -4.808522,  1.997975
169.702392, 92.403221, -3.920642,  0.741975
 86.442575, 87.717565, -5.055756,  4.291372
 75.798111, 89.411931, -4.260116,  1.002104
 76.997322, 91.210585, -4.124949,  0.499895
 93.195104, 85.039916, -4.192513,  3.263570
128.236855, 99.048779, -3.489458,  1.254144
 75.417853, 87.790938, -4.125099,  0.499685
135.774530, 88.459158, -5.785960,  9.827077
 79.865553, 89.255500, -5.448865,  3.349964
118.247441, 94.582652, -4.083382,  4.990637
 76.232083, 87.275909, -4.125110,  0.499705
 74.551974, 88.804009, -4.241314,  0.383306
 76.789903, 91.108295, -4.125051,  0.499780
 74.570835, 88.675168, -4.157045,  0.453909
 92.949201, 89.525575, -5.856543,  6.904841
 77.129055, 89.504691, -4.465662,  1.588123
 81.286501, 89.012515, -5.074463,  3.422163
128.350595, 86.760762, -4.950449,  8.366266
141.960013, 79.505672, -4.176811,  0.449339
 77.049727, 88.278883, -4.281771,  1.318751
112.490640, 98.924355, -4.055205,  0.587223
101.680892, 89.550338, -5.716100,  8.380505
 77.017496, 91.707061, -4.013669,  0.047558
100.719860, 88.661100, -5.924610,  8.476434
 78.312954, 86.407187, -4.197028,  0.602852
141.248405, 87.232595, -4.978885,  7.897585
 74.556335, 89.301146, -4.123558,  0.491748
 76.849675, 90.772777, -4.055525,  0.656497
174.388506, 87.698235, -4.110818,  0.515429
 77.181652, 91.354609, -4.156610,  0.440377
170.888717, 85.892644, -4.133729,  0.426553
124.405781, 98.667459, -4.158601,  1.321673
165.807067, 85.889553, -4.408755,  1.976264
134.253624, 88.907517, -5.918998, 10.232797
167.458163, 92.954790, -4.136572,  0.843556
152.273895, 81.128822, -3.940193,  0.692522
157.128787, 90.353762, -5.141256,  5.848952
 75.485735, 87.606348, -4.123520,  0.388870
173.580415, 87.438056, -3.935081,  0.778445
 74.872291, 89.996045, -4.101226,  0.374209
135.912339, 79.252436, -4.063290,  0.772425
166.587276, 93.152131, -4.083772,  0.925286
118.519291, 88.690825, -5.767250, 10.182650
129.087342, 91.473575, -4.955491,  8.233264
137.884844, 88.814677, -5.960642,  9.976519
 81.898799, 92.944050, -4.110005,  0.651532
136.261832, 99.133703, -4.149065,  0.450083
 94.971334, 81.879799, -3.937670,  0.850834
175.482622, 88.712950, -4.106914,  0.423651
139.344217, 79.707401, -4.044873,  0.904242
 75.586380, 90.418501, -4.124661,  0.499344
115.792711, 90.583982, -4.873431,  8.627939
124.977652, 90.295084, -5.448899,  9.524267
 75.548653, 87.697719, -4.126794,  0.498053
134.864664, 89.206618, -5.922954, 10.186579
145.642366, 80.388660, -3.977230,  0.921266
162.737005, 83.377858, -4.138917,  0.497463
172.831085, 91.148352, -4.091623,  0.624210
143.164599, 87.397217, -5.458188,  8.105242
139.569550, 98.669209, -4.123015,  0.633161
140.348345, 88.044833, -5.269765,  8.753176
 82.853904, 85.507617, -4.223319,  1.224166
 86.214584, 94.356612, -3.962309,  0.665091
146.046002, 89.070948, -6.026565,  9.148050
160.553938, 92.186872, -4.431690,  3.285447
146.341854, 84.949384, -4.126099,  4.948865
170.300734, 86.395687, -4.047670,  1.106845
172.894061, 87.340372, -4.360558,  1.000473
170.294581, 90.165958, -4.582544,  2.214841
 74.878039, 89.828224, -4.118203,  0.491978
148.494145, 91.717821, -5.141708,  6.356019
159.694383, 88.479905, -5.501921,  5.991788
130.704985, 79.542363, -3.750200,  1.418735
143.842940, 98.248940, -4.069088,  0.600736
175.374721, 89.322128, -4.121674,  0.528964
152.633046, 81.584776, -3.833306,  1.049201
 82.689047, 91.047235, -4.890326,  2.748804
 77.062700, 89.755337, -4.311338,  1.365461
163.069237, 84.695710, -3.644348,  1.771254
101.889360, 80.384075, -4.123654,  0.536077
173.921659, 87.591819, -4.183262,  0.687255
 80.838590, 92.451730, -4.058370,  0.785978
127.862109, 89.627843, -5.529296,  9.965290
 74.554863, 88.803754, -4.129416,  0.493104
 78.678491, 91.774071, -4.157306,  0.639125
145.019769, 92.068267, -4.561373,  6.263144
 76.380146, 90.894743, -4.124812,  0.500061
 97.972158, 81.564558, -4.002312,  0.977475
130.771751, 89.694976, -5.650179,  9.958285
144.595367, 88.836117, -5.932242,  9.227159
141.999346, 79.574150, -4.101771,  0.539478
 90.176926, 82.818765, -3.784508,  0.879008
 75.744208, 88.399118, -4.152279,  0.831002
173.972673, 90.649765, -4.051698,  0.571339
 75.839056, 88.864822, -4.363296,  1.133053
111.241225, 86.305156, -4.561724,  7.172286
150.004635, 86.566412, -4.758198,  6.060743
109.086218, 98.600956, -4.071569,  0.582573
 90.292621, 90.593905, -5.299508,  5.227197
117.294956, 88.981464, -5.855251, 10.273212
172.128995, 88.835502, -5.270414,  2.596757
158.225804, 82.809240, -4.097128,  1.025554
175.065093, 89.852346, -4.122716,  0.497944
 98.443116, 97.029347, -3.962459,  0.701222
148.091469, 90.081157, -5.390030,  7.860804
138.376579, 83.774134, -4.270042,  4.875752
136.827603, 98.602781, -3.848305,  1.010919
155.878641, 96.191420, -3.692783,  0.943656
175.447275, 89.109268, -4.117067,  0.501520
 83.538140, 84.470365, -4.052764,  0.566564
159.589922, 94.345453, -3.843905,  1.653205
 79.835406, 86.801909, -4.315546,  1.409355
137.951427, 90.524274, -5.279258,  8.673028
129.148518, 88.998087, -5.955807, 10.535852
 86.180544, 89.523871, -5.468035,  5.003050
174.855421, 88.110804, -4.129691,  0.539782
120.208281, 81.907259, -3.799390,  3.482943
150.653904, 89.160841, -5.927426,  8.324248
141.495635, 98.584870, -4.053534,  0.569122
106.921081, 98.337555, -4.098572,  0.590846
108.816746, 80.212548, -3.934988,  1.279396
157.916585, 83.318426, -4.031207,  1.472804
147.527556, 94.688077, -4.498135,  3.550524
128.445346, 78.845087, -4.184430,  0.717558
172.519333, 91.391167, -4.131072,  0.517011
126.782104, 87.360477, -5.007225,  8.882072
 84.145580, 93.868192, -4.119789,  0.474983
132.158853, 88.907425, -5.872902, 10.294671
 97.117755, 89.430949, -5.709981,  7.647625
164.290375, 94.001350, -4.085566,  0.766951
 94.086894, 81.964685, -4.217624,  0.708097
126.353613, 97.010467, -4.019440,  2.842461
 80.862637, 88.735960, -5.278872,  3.461963
118.696847, 79.648496, -3.964667,  1.435731
165.277273, 84.179986, -4.102061,  0.576296
 87.256549, 84.583955, -3.907296,  1.418316
 85.744405, 93.505318, -3.353710,  1.573333
125.232822, 80.142228, -3.761873,  1.880002
 76.876201, 87.477372, -4.054947,  0.746707
175.426720, 88.922646, -4.154356,  0.527983
132.734997, 79.417610, -4.147101,  1.125606
109.433944, 88.634703, -5.659678,  9.367722
172.368780, 89.882957, -4.378504,  1.542189
107.198233, 89.066721, -6.144264,  9.697614
103.889030, 80.627697, -3.902111,  1.106141
168.216196, 89.074749, -5.724337,  4.195127
140.681768, 88.994391, -5.976240,  9.752140
122.122344, 88.421420, -5.594044, 10.004697
140.483554, 88.634635, -5.639088,  9.363500
 91.542687, 89.282414, -6.000782,  6.844547
138.798082, 79.949386, -3.873271,  1.270967
116.982431, 98.418542, -3.691102,  1.466521
 80.152015, 92.459188, -4.128543,  0.531060
171.513977, 91.861106, -4.091777,  0.512125
 76.960783, 87.893277, -4.127580,  1.020304
160.540035, 82.822858, -4.130701,  0.502075
127.024618, 89.359466, -5.711617, 10.254557
 84.501535, 92.913053, -4.085282,  1.317716
144.866137, 96.299687, -3.323889,  2.548090
175.094026, 88.250842, -4.120397,  0.496071
171.824729, 88.115152, -4.570771,  1.837584
168.904932, 85.283951, -4.085045,  0.546541
 87.671009, 89.164018, -5.595741,  5.580870
 75.694491, 89.995298, -4.090761,  0.672019
122.288092, 78.579243, -4.142911,  0.460555
 91.013860, 89.947554, -5.612133,  6.054743
 85.489471, 84.525230, -3.668679,  1.271130
134.304998, 89.483759, -5.609272,  9.851173
117.082129, 79.292450, -4.198798,  0.993928
 83.888226, 93.480278, -4.130602,  0.749587
 76.886528, 90.562323, -4.058591,  0.777260
112.621342, 93.918540, -4.332383,  5.346435
161.605183, 94.907785, -4.083629,  0.598499
149.273178, 89.063128, -6.130249,  8.782981
 75.701813, 88.143383, -4.096571,  0.695514
 79.689326, 86.021283, -4.031388,  0.762468
106.116739, 90.024003, -5.156669,  8.285554
100.094939, 91.966602, -4.479287,  5.570117
145.529101, 89.775002, -5.523170,  8.514139
174.683851, 90.169576, -4.110881,  0.526524
154.144265, 96.084996, -3.866294,  0.966914
 74.601752, 88.697508, -4.124120,  0.500747
150.228866, 81.824114, -4.055941,  1.525946
110.924710, 91.456406, -4.958616,  7.638689
 93.431760, 82.358464, -3.979526,  0.969289
113.167133, 88.026421, -5.496249,  9.240041
 74.986249, 89.927806, -4.123586,  0.501292
 84.671538, 88.707666, -5.553594,  4.750295
 95.519779, 94.758634, -4.293198,  2.269614
110.389975, 79.580922, -4.138505,  0.788466
125.344100, 83.740513, -3.880743,  5.259638
 96.181422, 92.320536, -4.562114,  4.643982
107.108738, 80.578342, -3.501941,  1.620124
 91.874787, 83.715156, -4.345573,  1.911523
120.842935, 78.708765, -4.066091,  0.575288
100.828590, 93.447971, -4.233272,  4.325795
116.460325, 87.607627, -5.118669,  8.902545
168.696441, 85.287468, -4.112344,  0.596907
113.704505, 83.792575, -4.171437,  5.009674
159.707342, 87.790894, -5.094080,  5.291875
124.021057, 89.583366, -5.713127, 10.176264
114.719413, 90.331501, -5.100388,  8.883565
124.941020, 78.696618, -3.834787,  0.804490
143.382513, 89.700708, -5.787933,  9.039895
101.376148, 95.954078, -3.621033,  2.259867
150.613121, 95.699812, -4.489304,  2.150337
 86.766981, 83.587995, -4.162470,  0.566350
114.387706, 86.296279, -4.837784,  7.575286
 90.821786, 86.112721, -4.385798,  3.737409
 75.722634, 89.819937, -4.121145,  0.762046
 91.690092, 82.633624, -4.092930,  0.838850
 76.928128, 90.343858, -4.092642,  0.918900
112.356660, 89.118946, -6.221745, 10.279311
122.173839, 88.892403, -5.872242, 10.442303
151.833024, 81.063994, -4.110042,  0.598753
 77.183066, 88.768393, -4.605751,  1.766227
128.379331, 93.363429, -4.222845,  6.256072
130.167767, 79.069315, -3.831022,  0.981513
131.030703, 88.674469, -5.894170, 10.283772
154.965691, 96.502608, -4.123093,  0.521007
 81.680435, 90.267679, -4.587600,  2.726065
104.813144, 88.999132, -6.024535,  9.271892
157.387220, 82.090109, -4.089096,  0.534931
172.510311, 89.238074, -4.829132,  2.061920
131.331909, 89.080095, -5.724788, 10.205723
 81.301557, 85.492703, -4.228810,  0.809016
 91.014832, 88.360589, -5.447694,  6.042484
171.724563, 86.360937, -4.102688,  0.541315
163.460610, 89.857990, -5.173353,  4.701749
164.622026, 88.236524, -5.206004,  4.429339
157.775769, 94.715243, -4.322481,  1.693193
115.341090, 80.329064, -2.875788,  2.393060
104.177501, 97.993262, -4.111648,  0.582617
168.429500, 85.136529, -4.148850,  0.547403
107.092294, 87.891157, -5.520513,  8.563386
 89.179998, 88.502439, -5.348840,  5.607388
 99.280655, 88.252095, -5.532355,  7.678295
126.428163, 79.457897, -3.743606,  1.436982
113.304218, 97.391474, -3.745343,  2.195532
140.533241, 95.090076, -3.876330,  3.803439
133.763013, 78.943370, -4.071567,  0.610391
140.696119, 97.949684, -3.541541,  1.437761
102.168738, 88.021016, -5.247230,  7.787285
134.729919, 81.561931, -4.176898,  3.055201
 87.631324, 89.024570, -5.031088,  5.040600
173.572259, 90.896255, -4.128835,  0.507277
158.559368, 89.244590, -6.132896,  6.950231
103.105842, 80.163826, -4.071143,  0.540752
110.474458, 98.503387, -3.920715,  0.860159
 79.724018, 91.669048, -4.297197,  1.153432
110.461815, 89.475805, -5.761561,  9.565088
154.292537, 93.679160, -3.834528,  3.041979
133.605630, 98.675696, -3.749366,  1.189344
 78.948915, 86.198451, -4.188285,  0.658369
130.686573, 88.530224, -5.849076, 10.191455
 87.391305, 94.712566, -4.139164,  0.514809
 75.661074, 90.256441, -4.092086,  0.565446
118.736906, 99.324668, -4.121027,  0.541236
103.681266, 97.805661, -3.972316,  0.748890
174.759086, 87.988073, -4.116971,  0.534991
 96.167036, 90.775424, -4.923404,  6.056460
163.555799, 87.825443, -5.065740,  4.372832
151.972263, 96.836023, -3.684077,  1.004572
153.226961, 91.015400, -4.543640,  5.749965
106.877498, 94.545968, -4.116674,  4.115476
133.102082, 90.534171, -4.999787,  8.819733
170.161265, 92.387749, -4.094727,  0.518274
 75.790192, 88.641901, -4.243172,  0.978312
151.173340, 88.896032, -5.781245,  8.099848
157.822192, 89.330569, -5.975891,  6.943947
 86.967227, 93.855226, -4.053632,  1.135465
133.564897, 87.239904, -4.863972,  8.460297
 84.340745, 89.151073, -6.020608,  5.148261
 98.575694, 81.751574, -4.140099,  1.341756
110.013048, 89.037381, -5.958260,  9.812316
166.713241, 85.562674, -4.037624,  1.483714
125.677042, 78.594044, -4.134895,  0.490333
151.680688, 83.266537, -3.813190,  2.518188
104.878093, 92.829056, -4.159290,  5.400780
 96.681183, 96.675050, -3.823231,  0.843048
122.421550, 97.096153, -3.997847,  2.742393
126.265160, 88.942586, -5.885774, 10.484486
 97.275965, 85.059638, -4.671782,  4.289807
123.862213, 99.336420, -4.030333,  0.676076
 94.403969, 96.234404, -4.120839,  0.651317
140.120457, 80.148693, -4.199036,  1.305008
 93.353985, 95.207280, -3.702205,  1.530164
121.881861, 87.335297, -5.027170,  8.857527
156.467325, 88.512048, -5.397856,  6.607776
108.445191, 89.240679, -6.075345,  9.726657
100.977749, 80.565855, -4.017124,  0.628729
168.370066, 92.324204, -3.920931,  1.186087
 96.456754, 83.245339, -4.202916,  2.426228
 77.524254, 86.798104, -4.017210,  0.673847
106.235194, 88.806968, -6.201275,  9.567126
100.686640, 89.039526, -4.928548,  7.577171
123.129238, 88.045153, -5.629426,  9.819504
163.509004, 93.314496, -4.383460,  1.629670
113.056369, 88.716243, -5.906107,  9.973355
163.263178, 88.580954, -5.589798,  5.251279
162.407613, 90.793527, -5.034995,  4.280747
154.542097, 82.150965, -4.012256,  1.164138
 86.350930, 88.974977, -5.985952,  5.649667
140.216285, 97.150219, -3.717842,  2.129518
161.479140, 89.135252, -5.903393,  6.104708
 95.837924, 88.528756, -5.429549,  7.102283
144.500184, 82.783740, -3.741087,  3.444610
172.361331, 87.350438, -4.120416,  1.186779
120.566374, 99.180018, -4.000503,  0.777790
156.732926, 88.773281, -5.521360,  6.775213
119.302282, 89.025729, -6.153338, 10.654115
114.065623, 89.400923, -5.784662,  9.922579
119.102619, 79.074280, -3.828598,  0.965494
126.358043, 90.474872, -5.116362,  9.154272
164.974469, 92.600833, -3.347748,  2.113292
138.251833, 89.758647, -5.625516,  9.420882
145.900556, 87.713057, -5.075704,  7.736043
157.588061, 82.326508, -3.934571,  0.773158
175.284057, 88.500957, -4.136981,  0.508309
103.176154, 90.719247, -5.207951,  7.463408
 94.927636, 88.380781, -5.387291,  6.842011
144.857733, 89.123520, -6.029139,  9.303657
115.662232, 89.853830, -5.273564,  9.368255
 95.090712, 89.243024, -5.745960,  7.353298
149.738260, 90.986607, -5.148199,  6.766073
153.951554, 90.409765, -4.822965,  6.203620
157.478834, 89.157846, -6.127560,  7.207404
174.530456, 90.279922, -4.111551,  0.519781
107.728584, 79.544702, -4.155816,  0.478211
146.318518, 88.740274, -5.710653,  8.743822
 75.058114, 88.088405, -4.124304,  0.500551
113.873250, 79.937984, -4.139109,  1.405882
162.943895, 83.639784, -4.111314,  0.693277
148.653383, 96.015059, -3.857529,  2.145844
142.770017, 88.932389, -6.235783,  9.763957
 79.313260, 85.899214, -4.126217,  0.498936
132.328044, 99.189807, -4.129212,  0.630740
 87.819042, 94.651748, -4.033437,  0.710197
148.795868, 88.227715, -5.477648,  7.947892
140.268979, 90.201843, -5.168339,  8.598204
 88.729192, 84.204920, -3.463019,  1.838952
146.728868, 97.547930, -4.171835,  0.897418
 93.595075, 89.291392, -5.908969,  7.197007
168.365898, 90.857554, -4.649098,  2.417838
109.314733, 90.814213, -5.119255,  8.082253
174.936815, 89.991219, -4.156593,  0.510170
134.954342, 93.129922, -4.304686,  6.214385
117.520335, 89.388736, -5.791743, 10.135775
 95.633854, 96.068917, -3.990765,  1.077996
157.010201, 82.152701, -4.122269,  0.647699
166.137605, 84.327628, -4.127986,  0.473896
145.448622, 89.100414, -6.055029,  9.258887
 91.330929, 91.820425, -4.677407,  4.143939
157.379358, 95.675531, -4.096497,  0.792618
 75.876775, 89.062897, -4.473180,  1.255939
 82.918425, 84.896351, -4.051340,  0.742842
123.165889, 81.399982, -3.504365,  3.358888
143.192118, 98.322807, -4.141737,  0.588853
 78.429595, 91.824837, -4.128728,  0.503230
116.411693, 92.739815, -4.213106,  6.572616
 96.187775, 96.091195, -3.614009,  1.325100
127.143604, 99.377785, -4.155858,  0.602145
152.190358, 88.857917, -5.758233,  7.891686
125.005044, 84.888209, -4.140917,  6.400609
129.706478, 99.361543, -4.071698,  0.575112
111.245217, 89.663103, -5.747245,  9.520362
137.113884, 86.046584, -4.656521,  7.152628
163.798482, 93.863823, -4.219819,  1.037874
125.759376, 99.035855, -3.719918,  1.108428
161.853075, 94.997222, -4.160482,  0.443693
148.649930, 82.874969, -3.286098,  3.052772
 78.197273, 91.641680, -4.113327,  0.586766
130.346504, 96.890074, -3.656089,  3.052979
135.530655, 88.569372, -5.756250,  9.875488
 95.066185, 88.798077, -5.715830,  7.307127
102.265877, 87.046202, -4.763586,  6.791101
120.602197, 90.768417, -4.926435,  8.739455
153.514131, 90.080888, -5.019212,  6.627043
 91.927802, 87.420662, -4.970820,  5.311776
149.617937, 80.973396, -3.735520,  1.046026
143.973616, 80.999268, -4.157238,  1.714829
114.914286, 99.128296, -4.126360,  0.530756
 96.576122, 87.643040, -4.975236,  6.392650
125.106776, 88.355011, -5.455466,  9.862982
100.166802, 90.089731, -5.195983,  7.408681
155.117417, 88.954427, -5.820689,  7.402147
 81.866816, 86.080583, -4.155129,  1.529302
145.919175, 80.105719, -4.048258,  0.607346
 80.155687, 88.361869, -5.158777,  3.029276
 92.158789, 88.955117, -5.946022,  6.959386
119.160403, 87.181221, -5.117027,  8.709783
143.804483, 88.593082, -5.875708,  9.175706
132.849860, 86.631094, -4.594481,  7.877949
174.626902, 87.877444, -4.058065,  0.546610
105.340194, 87.437242, -5.393521,  7.932213
 97.782900, 81.019471, -4.130596,  0.482978
160.213775, 84.823624, -4.301390,  2.399881
111.539795, 88.336941, -5.459694,  9.258001
111.105351, 96.994490, -4.201163,  2.313534
 90.582873, 82.561873, -4.105670,  0.517098
 98.878584, 96.833995, -4.052437,  0.915450
148.005152, 81.072437, -4.184208,  1.232447
100.720914, 80.865788, -4.027297,  0.843018
131.898718, 89.381075, -5.846391, 10.228383
119.117080, 99.256326, -3.900342,  0.747151
138.131372, 89.190160, -6.039906, 10.048665
153.941181, 87.363066, -5.158131,  6.235562
112.966279, 89.372452, -5.947938,  9.999066
 84.833699, 93.529631, -3.968908,  1.000784
121.442401, 99.128165, -4.103818,  0.823721
156.931444, 95.972173, -4.042419,  0.652201
136.261058, 79.132474, -4.159482,  0.628286
132.845691, 98.554428, -3.905848,  1.271319
116.046008, 88.808891, -5.874541, 10.169588
 89.258923, 89.382623, -5.602633,  5.926769
112.919410, 79.190411, -4.102736,  0.618286
121.184757, 89.668373, -5.479344,  9.869706
166.302237, 90.009559, -5.064535,  3.807066
 90.556738, 95.614936, -4.178347,  0.406815
103.989425, 88.969166, -5.640474,  8.805523
132.365301, 92.020002, -4.640923,  7.478657
154.800176, 96.528756, -4.075441,  0.551969
120.585590, 84.682282, -4.118789,  6.142059
104.093166, 88.472134, -5.496212,  8.507182
102.892365, 89.654948, -5.848408,  8.617657
 76.881211, 86.980575, -4.078251,  0.548083
167.718911, 86.531215, -4.074058,  1.744311
128.870849, 89.760557, -5.590967,  9.928038
125.907701, 78.643699, -4.108152,  0.545384
135.818825, 89.809745, -5.686079,  9.634832
110.197624, 86.452018, -4.482995,  7.153022
124.078611, 79.652837, -3.441442,  1.753587
159.819117, 86.694694, -4.675531,  4.212715
167.763977, 88.843055, -5.434450,  4.005607
 89.678148, 93.261359, -4.067863,  2.500740
 97.004836, 82.120987, -3.866775,  1.456473
158.580356, 95.124225, -3.779648,  1.191297
121.541762, 89.653721, -5.197230,  9.646812
150.404848, 88.071948, -5.235896,  7.386633
102.710081, 84.202743, -3.903959,  4.060602
 76.987365, 90.038777, -4.178809,  1.132909
161.087323, 83.267947, -3.829794,  0.917779
 96.865981, 87.413891, -4.934378,  6.275484
156.731956, 87.306753, -4.694970,  5.332275
137.517030, 89.456674, -5.886645,  9.859332
112.493549, 80.285469, -3.430494,  1.861961
140.235443, 89.549676, -5.527293,  9.275824
123.287492, 94.174260, -4.179397,  5.544334
162.515557, 88.871554, -5.784027,  5.713245
115.734799, 98.973132, -3.813086,  0.885323
 91.053676, 95.235796, -4.176675,  0.906196
 91.134232, 88.782290, -5.755798,  6.522091
127.859166, 88.848020, -5.950520, 10.530650
