0.46178925933875803 0.06642571632448302
13.373324128488797 0.3356094051852683
27.902281679845444 0.5349909788656007
49.423053494456795 0.9376526486166634
69.8694111026669 1.2719045326124165
86.54951761586791 1.5391389602780023
103.77031205583243 1.7371282045331933
120.45505966711725 1.8664291971480456
135.5270256942793 1.9275988698926168
150.61987666281846 1.3680680849088893
153.8918508119021 0.12499637414212206
155.01963764626714 -1.3928283431859976
155.59281325961723 -2.4276075719515235
156.1799121672188 -3.8761871058692474
156.78093436907176 -5.738566944939173
157.37267437475708 -7.325079913907629
157.9690554785263 -9.049526317926821
159.63753023965472 -10.636596218665336
161.2990433536575 -12.016765966827753
167.25125164613945 -12.91639641939283
179.64530407894512 -13.267634722375314
192.56844169330464 -13.343284621141363
204.95321192994265 -13.41865605402238
221.10655381063162 -13.4959767480986
234.56573825367082 -13.50293839522431
245.8691326367819 -13.439819461284541
258.25390287341986 -13.515190894165558
265.7910461615219 -13.519089416555959
274.9409710337466 -13.454856619076073
280.86533273772574 -13.526886461336753
286.25828871110906 -13.805537990288505
294.3361199259745 -13.878681696089297
302.41163059179803 -13.882858684364722
311.5661965621067 -13.956559321935574
318.56497247248706 -13.960179378440943
326.64048313831057 -13.964356366716368
335.79272855957726 -13.96909028676185
345.48334135856555 -13.974102672692363
358.4041584238832 -13.980785853933044
366.4796690897067 -13.98496284220847
377.24933719318 -14.059498877434406
388.552731576291 -13.996379943494633
395.5515074866714 -14.000000000000002
404.70143235889617 -13.93576720252012
413.85599832920474 -14.009467840090968
