9.198729154262553109e+00,1.042071440354006340e+00,9.597903414698656654e-02,4.601244999999999585e+00
-9.022181675672699797e+00,1.042337762669009793e+00,2.818189710861292441e-01,4.601244999999999585e+00
4.229258622448646143e+00,1.042459295429542188e+00,-1.191881757685224752e+00,4.601244999999999585e+00
-4.237032335477890932e+00,1.042603180345128111e+00,-1.191050066956142350e+00,4.601244999999999585e+00
1.804519145215881526e-01,1.041834622360582774e+00,1.753312911611410563e+00,4.601244999999999585e+00
-1.417559786175509196e+01,8.584196929488632222e-01,9.823188117927963980e-02,4.417195000000000427e+00
1.398403907782025968e+01,8.578977762069045498e-01,2.795155996065193937e-01,4.390272999999999648e+00
5.886152337238414134e+00,6.732485799975037599e-01,3.409113685262997073e+00,4.233145000000000380e+00
-5.524934606053889752e+00,6.734425118254716569e-01,3.410234659638512245e+00,4.233145000000000380e+00
-4.109574775050694150e-03,6.749523636616832079e-01,-3.400149525659152516e+00,4.233145000000000380e+00
-1.877682789156773424e+01,6.744045533817437654e-01,2.826905382964696178e-01,4.057452999999999754e+00
1.840119476464419535e+01,6.738593969896510272e-01,-8.906165668989497741e-02,4.057452999999999754e+00
-1.141520065026134390e+01,4.910963006367773942e-01,-3.399071893897015695e+00,3.998584999999999834e+00
7.541874016984648321e+00,4.909041526148663626e-01,-3.953084139862918622e+00,3.930228000000000055e+00
1.177507423449395851e+01,4.907021810913012594e-01,-3.401350003251202736e+00,3.899945000000000217e+00
1.140767933663588707e+01,4.890180611032431401e-01,3.776627923583885771e+00,3.899945000000000217e+00
-1.159854554903405699e+01,4.894090527124466128e-01,3.778887952685611840e+00,3.899945000000000217e+00
-2.319402913400434940e+01,3.063796340275743435e-01,2.830377784411268749e-01,3.865045999999999982e+00
2.281843771675265842e+01,3.055543080425666691e-01,4.625667143444034957e-01,3.865045999999999982e+00
-7.182149200970559200e+00,3.071910781775750721e-01,-4.319780051966379375e+00,3.865045999999999982e+00
-1.675262967651364576e+01,3.070936730332491371e-01,-3.214541915868182720e+00,3.744858999999999938e+00
-1.638386073696274536e+01,3.054837271027877055e-01,3.595264701940110719e+00,3.744858999999999938e+00
1.600821608126323881e+01,3.065802437721370510e-01,-3.401809191278239553e+00,3.744858999999999938e+00
1.637700210023125891e+01,3.049269550750749458e-01,3.592046420636782589e+00,3.708499999999999908e+00
2.205327753906224597e+00,1.207277243254463034e-01,5.249843201869085263e+00,3.680995999999999935e+00
-1.843767225971682411e+00,1.207965388384691086e-01,5.250240966932048003e+00,3.680995999999999935e+00
3.676696215393162159e+00,1.231732501145280378e-01,-5.241139098534921992e+00,3.611317999999999806e+00
-2.080171070907021047e+01,1.230691496743066410e-01,-3.030137499410139768e+00,3.549824000000000090e+00
2.079354408422104328e+01,1.223622368414676864e-01,-3.034223632045707664e+00,3.545049000000000117e+00
2.024200878979912943e+01,1.208979596496440601e-01,3.223523404999514952e+00,3.516265999999999892e+00
-3.317214829365857653e+00,1.233354545930144680e-01,-5.424502043637514426e+00,3.516265999999999892e+00
2.741967642951567896e+01,-6.262288001903934531e-02,4.620280233363254219e-01,3.496945999999999888e+00
-2.742723461588463962e+01,-6.151738420562091747e-02,-2.687830434565574023e-01,3.496945999999999888e+00
-2.098511197846771381e+01,-6.253706431513691988e-02,3.595630022572723128e+00,3.496945999999999888e+00
-8.469527166190911061e+00,-6.322653648276091443e-02,5.618948500873803376e+00,3.358592999999999940e+00
2.539481895601475614e+01,-2.459016372583214260e-01,-2.666662335036869447e+00,3.312895999999999841e+00
-2.466676195423373130e+01,-2.449641534887085081e-01,-3.029844499787371248e+00,3.302655999999999814e+00
-2.577048240484421626e+01,-2.463323610860220503e-01,2.859857789900047464e+00,3.292383000000000060e+00
8.647136775485975591e+00,-2.476541149057663038e-01,5.985322684566736662e+00,3.256172999999999984e+00
2.502729750164749234e+01,-2.472823563482345888e-01,3.222966633738976405e+00,3.235300000000000065e+00
3.110066614683487174e+01,-4.307854284162495051e-01,4.615797332568221667e-01,3.128846999999999934e+00
-3.129219646358667717e+01,-4.297684022115751956e-01,6.517589260712789434e-01,3.128846999999999934e+00
-1.417616217196703765e+01,-4.286289819804746104e-01,-5.423565337820493326e+00,3.128846999999999934e+00
1.398455953735029844e+01,-4.317514770419756398e-01,5.800706021114691247e+00,3.046565999999999885e+00
3.309342036023001921e+00,2.514137063434819463e+00,1.937402283080154053e+00,3.046565999999999885e+00
-2.948332853363894834e+00,2.514200070130032216e+00,2.122067004984634853e+00,3.046565999999999885e+00
-1.417504124329259341e+01,-4.313162461027042482e-01,5.987521290704388655e+00,2.996113999999999944e+00
7.317632769532418369e-01,-4.286222866675840626e-01,-6.529328800748842809e+00,2.996113999999999944e+00
9.934289390251908713e+00,-4.288653693494485775e-01,-6.162132824372617002e+00,2.990454999999999863e+00
2.870772988687257410e+01,-4.300512779322090973e-01,-2.482981127891364714e+00,2.979105999999999810e+00
1.379937052997693137e+01,-4.290177417288859596e-01,-5.794413521166167591e+00,2.967713999999999963e+00
-5.340578969232180562e+00,-4.316397587147106640e-01,6.722852415602503129e+00,2.967713999999999963e+00
-1.292189080867838680e+00,2.698958744225506301e+00,-1.006899272523324562e+00,2.967713999999999963e+00
-9.759039511881566042e+00,-4.285306805251723472e-01,-6.160198239422245869e+00,2.962000999999999884e+00
5.150259978633320301e+00,-4.318180508953055052e-01,6.721821842292821536e+00,2.962000999999999884e+00
-3.000415795355111825e+01,-6.131034622357846020e-01,-2.477256876453255874e+00,2.944796999999999887e+00
-2.908336657325332908e+01,-6.144193910599239361e-01,3.044146542636633423e+00,2.944796999999999887e+00
3.309270709260777821e+00,-6.146665063339414870e-01,1.752615463680748276e+00,2.944796999999999887e+00
-2.948422259641465093e+00,-6.145601566196371435e-01,1.753230191576770514e+00,2.944796999999999887e+00
1.858471661254831275e+01,-6.132790919141427599e-01,-5.242776967925212084e+00,2.915897000000000183e+00
6.254033676588899304e+00,2.698397069254364844e+00,8.328573779963146517e-01,2.880834999999999813e+00
6.437285036890041390e+00,-6.127259044238477781e-01,-6.713982624607554683e+00,2.857221000000000011e+00
-7.181894660787185636e+00,2.515268901093444587e+00,-2.110663011796400479e+00,2.857221000000000011e+00
2.815615630122596613e+01,-6.154788639727134525e-01,3.406622578327078710e+00,2.839382000000000073e+00
-1.877741028129502610e+01,-6.126007785285026985e-01,-5.423156674711761660e+00,2.833410999999999902e+00
-1.859227551246768684e+01,-6.152044847843177733e-01,5.619812885543721492e+00,2.833410999999999902e+00
-6.261335181700204977e+00,2.698566425680876790e+00,1.018136827895053331e+00,2.833410999999999902e+00
8.830956300606743525e+00,2.145639835046224242e+00,3.225121148731790566e+00,2.815420000000000034e+00
1.468519605487021984e+00,-6.140284254444111633e-01,-8.239006501096345358e-01,2.815420000000000034e+00
-8.837806532072420396e+00,2.145896773586399853e+00,3.410906845110021735e+00,2.803363000000000049e+00
-1.178279512752253844e+01,2.514523582977534311e+00,1.386734880086570199e+00,2.791253000000000206e+00
6.437990137202684870e+00,-6.144162802844511662e-01,4.639591417226119341e-01,2.779091000000000200e+00
1.652647195705577277e+00,2.882871006127842417e+00,-6.390452257749568155e-01,2.772990000000000066e+00
3.459758778565157655e+01,-7.989015060935913404e-01,2.771005294212865455e-01,2.760746999999999840e+00
-3.478916679011185664e+01,-7.977656182110213212e-01,4.679657710434089180e-01,2.760746999999999840e+00
-3.294890383266305633e+01,-7.972334389980550995e-01,-1.924861953394791492e+00,2.760746999999999840e+00
-2.374572685759778068e+01,-7.990368684832482860e-01,5.068125807286211426e+00,2.760746999999999840e+00
2.337004461550611367e+01,-7.974970988448120135e-01,-4.875191408692680639e+00,2.760746999999999840e+00
2.263482191191281601e+01,-7.998251075572055946e-01,5.063569588676073430e+00,2.760746999999999840e+00
1.876984824918167050e+01,-7.999327930398265618e-01,5.800149249618657521e+00,2.760746999999999840e+00
-1.123017820435168623e+01,-7.996396546126891547e-01,6.723344297570376327e+00,2.760746999999999840e+00
8.830851947106056699e+00,-7.990270540499809782e-01,2.672278684027046936e+00,2.760746999999999840e+00
-5.894072113440154581e+00,-7.965229850177847348e-01,-6.896863585788077344e+00,2.760746999999999840e+00
-6.997828723179548405e+00,-7.978045063414193061e-01,-1.375262284117540368e+00,2.760746999999999840e+00
-1.660366670188784033e+00,-7.979385594104471124e-01,-1.191736616841035490e+00,2.760746999999999840e+00
-1.159885674632585228e+01,-7.982464237776855098e-01,8.337876498043738094e-01,2.754605000000000192e+00
3.165252060785032739e+01,-7.982013146013237082e-01,-2.483357097059259999e+00,2.742280000000000051e+00
1.177532564248333635e+01,2.514730009137302158e+00,-1.192276305792823843e+00,2.736097000000000001e+00
7.358060478665565007e+00,2.699028446250604674e+00,-1.927998013448958492e+00,2.736097000000000001e+00
-1.399181834149063519e+01,1.963408021830835848e+00,-2.846323047409939910e+00,2.711222999999999939e+00
-2.742760873457461912e+01,-7.968505042452486142e-01,-3.949952294472331094e+00,2.704968000000000039e+00
1.809629774866562957e-01,-7.999636154979317126e-01,7.274373305220236396e+00,2.704968000000000039e+00
-8.285778967832380104e+00,-7.987361562995315412e-01,2.673960145639436625e+00,2.673477999999999799e+00
1.159127350250315658e+01,-7.982937996414209980e-01,-6.408884116175492807e-01,2.667135000000000034e+00
-2.264244031476622609e+01,-7.966284298407128039e-01,-5.238770338604415322e+00,2.660776999999999948e+00
2.572597522616561605e+00,2.331399869452817519e+00,-3.584062558973823975e+00,2.660776999999999948e+00
-2.580797451773506168e+00,2.331487451583476034e+00,-3.583556312396095844e+00,2.660776999999999948e+00
1.398434714280280922e+01,1.961502258062691517e+00,3.224571559540684529e+00,2.641611999999999849e+00
-1.104686419142259979e+01,2.699211210699193675e+00,-1.374041008240403539e+00,2.628756999999999788e+00
1.159156491534883493e+01,2.514039649474597571e+00,1.752538678595074284e+00,2.602857000000000198e+00
-1.656832826934067526e+01,2.331118372907481806e+00,-1.005485298662299742e+00,2.589809999999999945e+00
1.140796476266288906e+01,-8.000677333684389492e-01,6.905170422982029876e+00,2.589809999999999945e+00
3.091688107579700429e+01,-7.995324347996000114e-01,3.222258038213035025e+00,2.583261999999999947e+00
1.619253556785331227e+01,2.330561600862773641e+00,-1.008703580063863514e+00,2.583261999999999947e+00
-1.417530474399566032e+01,2.146117512458114884e+00,2.859282189816565012e+00,2.583261999999999947e+00
-1.399182916531882803e+01,-7.974255872554619762e-01,-2.478873199360729362e+00,2.583261999999999947e+00
-1.638429849064847943e+01,-9.818673487247231435e-01,-6.381835587649109520e-01,2.576696999999999793e+00
1.380022894926448807e+01,-9.832471891354515048e-01,3.039847163340812841e+00,2.576696999999999793e+00
-1.399134415117085339e+01,-9.826448422278550865e-01,2.490427296391734657e+00,2.576696999999999793e+00
-3.313248689701754301e+01,-9.824062232505799130e-01,2.860407628601639995e+00,2.563517000000000046e+00
1.619249726794480182e+01,-9.823776498140667224e-01,-8.254337539224720910e-01,2.563517000000000046e+00
9.198477746191962012e+00,-9.819553874565268847e-01,-2.113095663075862607e+00,2.563517000000000046e+00
1.807419001040419526e-01,2.145483446999937538e+00,4.514319877772576817e+00,2.556900999999999868e+00
5.333342367920900884e+00,-9.816729860198147861e-01,-3.032964948307687703e+00,2.510104999999999809e+00
1.398375365167800766e+01,2.146982570914110600e+00,-2.849027900027083948e+00,2.503347999999999907e+00
5.333326429381603617e+00,2.331396293478804616e+00,-3.768383756474489310e+00,2.503347999999999907e+00
-4.789414661289216113e+00,-9.814576066926736786e-01,-3.216020529511386616e+00,2.503347999999999907e+00
-1.859258912830484789e+01,-9.825666439060143365e-01,2.490879302212079871e+00,2.482968000000000064e+00
-2.763799981123628680e+00,-9.840492492581335293e-01,7.642718234407500866e+00,2.482968000000000064e+00
-5.525197829170622299e+00,-9.824419834617003078e-01,1.017197653594915652e+00,2.482968000000000064e+00
-2.116932953011949081e+01,1.778440785058894136e+00,1.571533595377220038e+00,2.476137000000000032e+00
9.750575645878031494e+00,2.331191194271457601e+00,-3.216668700016963811e+00,2.476137000000000032e+00
-9.206628710071131039e+00,2.147636748321644973e+00,-3.951048754821917086e+00,2.469287000000000010e+00
2.079381043963000764e+01,1.962296726763012256e+00,-6.411422832905193658e-01,2.462419000000000135e+00
-1.877654103817927478e+01,1.594003383151229691e+00,3.043654161746022435e+00,2.462419000000000135e+00
1.840093923316166169e+01,1.594758515918908159e+00,-2.849591853494314542e+00,2.462419000000000135e+00
-1.656805707690518048e+01,2.330468228327596147e+00,1.755261611464679294e+00,2.462419000000000135e+00
-5.157569889125685592e+00,2.147654619611309545e+00,-4.319545507901831449e+00,2.462419000000000135e+00
1.840094962094457998e+01,-9.820684410811166831e-01,-2.298049668725011596e+00,2.455531000000000130e+00
1.674493767802955446e+01,2.329945415510156881e+00,1.567939095395510130e+00,2.455531000000000130e+00
-9.942645920139394633e+00,-9.817601115153382629e-01,-1.559065336955720804e+00,2.455531000000000130e+00
1.379970464381061035e+01,-9.819902427592759331e-01,-2.297597662904666382e+00,2.427782999999999802e+00
-1.845033504285257031e+00,-9.805107653604244744e-01,-7.449454675450769336e+00,2.427782999999999802e+00
1.806163349110299077e-01,-9.831890939470724344e-01,3.777384076583255368e+00,2.427782999999999802e+00
3.349353977188259535e+01,-9.835385349406362554e-01,2.853862584381982259e+00,2.420796999999999866e+00
2.705105554455169425e+01,-9.816519953912726804e-01,-4.691546361816617328e+00,2.420796999999999866e+00
-2.337779541189524579e+01,1.041931596863464371e+00,3.043976139431527006e+00,2.420796999999999866e+00
2.318630026295618762e+01,1.226403828080187219e+00,-2.113949648956479521e+00,2.420796999999999866e+00
2.060972840492591018e+01,-9.825394060023219245e-01,-4.577686914734047652e-01,2.420796999999999866e+00
-2.080133175325546091e+01,-9.821823650229921654e-01,1.018698312977403209e+00,2.420796999999999866e+00
-2.080148051269193843e+01,1.963090325634034405e+00,-1.005156138671867927e+00,2.413790000000000102e+00
3.441328254137086873e+01,-9.823405712479202911e-01,-2.299622649019107179e+00,2.399716000000000182e+00
2.521101096833677246e+01,1.225979334114346120e+00,-4.577005854608702240e-01,2.399716000000000182e+00
3.308342390589471993e+00,-9.805550044549965483e-01,-7.634010915938720387e+00,2.399716000000000182e+00
3.791047850481709247e+01,-1.167056798635278891e+00,2.766883999839637731e-01,2.392647000000000190e+00
-3.810212327646710406e+01,-1.165678276344080500e+00,-8.394445201837942572e-02,2.392647000000000190e+00
-3.589370708239978569e+01,-1.165282381808443235e+00,-1.924659354837856551e+00,2.392647000000000190e+00
-2.724267910459059649e+01,-1.167076427501813729e+00,5.068382646502294087e+00,2.392647000000000190e+00
2.263465749163862384e+01,1.225199608514926153e+00,3.039499423939688416e+00,2.392647000000000190e+00
-2.135297765686523519e+01,-1.167436579222626225e+00,6.172103043161992986e+00,2.392647000000000190e+00
-1.877705808794600273e+01,-1.165616622577984263e+00,-1.742290822441788345e+00,2.392647000000000190e+00
1.821731231812526985e+01,-1.167112196511834954e+00,1.935070931010529849e+00,2.392647000000000190e+00
1.637596459093449752e+01,-1.165043797405258763e+00,-6.715088985059200155e+00,2.392647000000000190e+00
1.637730247359663238e+01,-1.168251177285595244e+00,6.904595571567265111e+00,2.392647000000000190e+00
-1.638489824625950675e+01,-1.164487025377545892e+00,-6.711870703755871581e+00,2.392647000000000190e+00
-1.215178942622870295e+01,-1.164472282024154204e+00,-7.080385537088246473e+00,2.392647000000000190e+00
2.757708938758511863e+00,-1.168236425133302614e+00,7.826182478719931446e+00,2.392647000000000190e+00
2.388524170845812922e+00,-1.165629590941214877e+00,-3.216769001283091622e+00,2.392647000000000190e+00
3.861755961326572173e+00,2.145377545323373436e+00,4.698008267124758497e+00,2.385558000000000067e+00
-3.500236002087810494e+00,2.145502662638318903e+00,4.698731476437310484e+00,2.385558000000000067e+00
2.502702872777438259e+01,-1.166924529136812216e+00,6.460530042978819276e-01,2.364161999999999875e+00
2.097726380661453049e+01,-1.165252024784374063e+00,-6.163391008854170572e+00,2.364161999999999875e+00
-2.521916264584758238e+01,-1.164640285487559712e+00,-5.422653894462624358e+00,2.335329999999999906e+00
-1.877707715867929394e+01,1.963402662050766079e+00,-2.477752973320202834e+00,2.335329999999999906e+00
2.521156687328290857e+01,-1.168097917411077269e+00,5.615379762273983388e+00,2.313470000000000137e+00
-1.108631074031273922e+00,1.411733569519025178e+00,-5.792515595741690504e+00,2.313470000000000137e+00
-2.521868488730554247e+01,1.411016411409968585e+00,-1.004852241003330038e+00,2.306137000000000103e+00
-7.549080010021616438e+00,-1.168061260888980435e+00,7.827194971777151622e+00,2.306137000000000103e+00
1.950569961163130728e+01,2.145805158628092180e+00,1.751674543200147482e+00,2.291402000000000161e+00
3.607017938833761406e+01,-1.167502291810062154e+00,2.301416136405247670e+00,2.276569999999999983e+00
-1.638356036359737189e+01,-1.167694405257882373e+00,6.907813852870593685e+00,2.276569999999999983e+00
2.281819570534526775e+01,-1.166323535393828159e+00,-1.746376954979120821e+00,2.269118000000000190e+00
-2.264210306873855316e+01,-1.165550936001234161e+00,-1.741911137631286799e+00,2.269118000000000190e+00
-4.052441378767746016e+00,-1.167383861227607511e+00,4.698005549229391065e+00,2.269118000000000190e+00
4.229763421042740390e+00,-1.167437932168737813e+00,4.329091950735853622e+00,2.269118000000000190e+00
-4.052815061395429908e+00,3.434944584819060065e+00,9.784426563062699478e-02,2.254140000000000033e+00
-3.681357640839723899e+01,-1.166176944603014132e+00,1.940476920503976022e+00,2.246614000000000111e+00
2.245051253553634751e+01,-1.167314167799904157e+00,2.486804067622281345e+00,2.246614000000000111e+00
1.122340227336627194e+01,-1.166949992050343443e+00,1.751707985809701995e+00,2.246614000000000111e+00
-1.108584527217665094e+00,-1.165180073519182846e+00,-4.872873422955470879e+00,2.246614000000000111e+00
1.582462917098489186e+01,-1.166984847353092603e+00,1.567205985980898664e+00,2.239062999999999803e+00
-2.521869257893974137e+01,-1.165767202806460734e+00,-6.373590502425203752e-01,2.231485000000000163e+00
-2.301019224308107169e+01,1.595288928957609098e+00,-2.109324825175574958e+00,2.231485000000000163e+00
6.622598895841853128e+00,1.408871588971712718e+00,5.801862657072390128e+00,2.223882000000000136e+00
-6.997148957971172756e+00,1.961425412686962355e+00,5.067130646146464024e+00,2.223882000000000136e+00
-3.129184740243164953e+01,-1.166834241130925598e+00,4.332581435629624167e+00,2.216253000000000029e+00
7.174921996322480844e+00,-1.168354838537962292e+00,8.009798547160505322e+00,2.216253000000000029e+00
3.717404134277862937e+01,-1.350530822999853831e+00,-2.115930543926082930e+00,2.208597999999999839e+00
-3.184483118870355867e+01,-1.348881075450223177e+00,-4.133698390812251766e+00,2.208597999999999839e+00
3.017991334413014570e+01,-1.349848502998756583e+00,-4.507890417130280269e+00,2.208597999999999839e+00
-2.356192128848219625e+01,-1.350625522487452601e+00,2.675330777024342410e+00,2.208597999999999839e+00
1.214274416181407190e+01,-1.348848477984961880e+00,-7.450915458489257404e+00,2.208597999999999839e+00
-8.102769896507931335e+00,-1.348417719566175510e+00,-7.817025620896690619e+00,2.208597999999999839e+00
-9.206688221688981599e+00,-1.349309154205972971e+00,-3.951872265400597328e+00,2.208597999999999839e+00
6.622461515504469709e+00,-1.351658619216440371e+00,4.880963547062329155e+00,2.208597999999999839e+00
4.597437630331968172e+00,3.619064281714027498e+00,-8.232111325833935123e-01,2.208597999999999839e+00
-7.397893892539922911e-01,3.618634876241352494e+00,1.385910122250164189e+00,2.208597999999999839e+00
-7.399101173392541586e-01,-1.350623299442556213e+00,1.016640882197118234e+00,2.208597999999999839e+00
-6.629159577672118608e+00,-1.351346722021553148e+00,4.514165335749066088e+00,2.193207000000000129e+00
-1.638406972163166841e+01,-1.350530797006163075e+00,1.754376677921924532e+00,2.185470000000000024e+00
8.646711272972870788e+00,3.434512042594216830e+00,1.016845699628447619e+00,2.185470000000000024e+00
-1.215162841571782515e+01,8.597722608818085810e-01,-5.791560809672207988e+00,2.177706999999999837e+00
-2.503439672262137350e+01,1.594499819801862062e+00,1.387819943565885117e+00,2.169915000000000038e+00
8.461712021174426113e+00,-1.348699233524802032e+00,-7.818652841849933033e+00,2.162096000000000018e+00
-8.838182355577920646e+00,3.435199282918043551e+00,-6.378846243304350239e-01,2.154247999999999941e+00
3.640875125083684050e-01,3.251513007162600388e+00,-2.847429906784322284e+00,2.154247999999999941e+00
2.944436350472277297e+01,6.732382912973096101e-01,1.750351469425929229e+00,2.146370999999999807e+00
-2.963583502347133347e+01,8.588124683641236157e-01,-4.523993613093822974e-01,2.146370999999999807e+00
2.447503519037102038e+01,1.593571719824071975e+00,1.751056348975534194e+00,2.130529999999999813e+00
2.097852623902128499e+01,-1.352336027458213241e+00,6.720050229026848676e+00,2.130529999999999813e+00
1.840160817454184539e+01,1.593154825860991997e+00,3.960250924818900398e+00,2.130529999999999813e+00
-1.012612363980930397e+01,-1.351243948281261487e+00,4.330458866144422991e+00,2.130529999999999813e+00
1.836169043528468103e+00,1.595733517459516859e+00,-5.792761536774745146e+00,2.130529999999999813e+00
3.677141224684838061e+00,-1.350351625927882715e+00,-4.561919955367028101e-01,2.130529999999999813e+00
2.944413160351196623e+01,8.578517447088807035e-01,-6.422521099725198024e-01,2.122565999999999953e+00
-2.761104886785237156e+01,1.042263597191813052e+00,1.940093020696165516e+00,2.122565999999999953e+00
-1.343889819032973243e+01,1.593435900597774069e+00,5.067676769107214874e+00,2.114571000000000200e+00
-1.343945167661525275e+01,3.067220834519237993e+00,-8.215692979417750230e-01,2.114571000000000200e+00
-1.049403515129059450e+01,1.225112491852293539e+00,5.803500775973167158e+00,2.114571000000000200e+00
1.284896972321502240e+00,3.250153735319369463e+00,2.858023506314038897e+00,2.114571000000000200e+00
1.177488019704815159e+01,-1.349405680671114105e+00,-5.058232375972509409e+00,2.106545999999999808e+00
1.067061323817176444e+01,1.595453347631105911e+00,-5.241479405885138831e+00,2.106545999999999808e+00
-4.973302222519257576e+00,3.251473688390758010e+00,-2.294756598026959082e+00,2.106545999999999808e+00
-3.868900737814916280e+00,-1.350223380676665030e+00,-4.554507059716895179e-01,2.106545999999999808e+00
-2.963628843812704972e+01,-1.348788581812730758e+00,-4.686064335572485362e+00,2.098489999999999966e+00
6.622373972535399389e+00,3.065926344596876962e+00,3.225554824887423955e+00,2.098489999999999966e+00
-2.580802011311939204e+00,-6.124616752758850480e-02,-3.216020778923637469e+00,2.098489999999999966e+00
2.962870448059152650e+01,-1.352092953609239423e+00,5.062752511969096147e+00,2.090403999999999929e+00
-1.159942660727716124e+01,-1.349051776208456843e+00,-4.871886192357402834e+00,2.090403999999999929e+00
9.935447905220268439e+00,1.777045304966802464e+00,5.249473916220638969e+00,2.090403999999999929e+00
-8.654342054891332126e+00,6.748393188699841616e-01,-2.295001790626789884e+00,2.090403999999999929e+00
5.701210892127020813e+00,1.411617836012897920e+00,-5.793184564296860017e+00,2.090403999999999929e+00
6.805910054146245614e+00,4.903532055657635058e-01,-1.560363896841268749e+00,2.090403999999999929e+00
-3.500055920860656755e+00,1.040726920915558962e+00,6.723018354496284488e+00,2.082285999999999859e+00
-2.705931569905632017e+01,1.043251101897112454e+00,-2.293107082157676224e+00,2.065954000000000068e+00
-2.080207927698678816e+01,-1.348505292863943161e+00,-6.527430126792906684e+00,2.065954000000000068e+00
9.567565852238171686e+00,-1.352445496528390301e+00,8.009520161461605170e+00,2.065954000000000068e+00
-1.215123209413459371e+01,-1.349865908837389883e+00,-1.374886065537394453e+00,2.065954000000000068e+00
9.566740182217994715e+00,3.250966523818086706e+00,-1.191885972348804001e+00,2.065954000000000068e+00
8.646575597468027397e+00,-1.350652794965235604e+00,4.635688082785920927e-01,2.065954000000000068e+00
-5.156831048344734825e+00,3.066169875080985818e+00,3.042662965759367566e+00,2.065954000000000068e+00
-2.908359605599998332e+01,-1.350098254781320062e+00,8.353752439241037830e-01,2.057739000000000207e+00
2.723545048138012348e+01,1.226204984492894834e+00,-1.562197432092288896e+00,2.057739000000000207e+00
2.686774509986186743e+01,1.041207700253036439e+00,2.486890253887276359e+00,2.057739000000000207e+00
-1.546442460521082651e+01,1.411760833416408234e+00,-4.870856367579181168e+00,2.057739000000000207e+00
1.398396818710331324e+01,3.066754772524466599e+00,-8.242632526113854441e-01,2.057739000000000207e+00
1.306327830569856552e+01,1.595369341726951218e+00,-5.057665454863930599e+00,2.057739000000000207e+00
-4.053710075660722723e+00,-1.348399848058010164e+00,-8.185523374074804792e+00,2.057739000000000207e+00
-8.470055317470396972e+00,-1.350361897214786167e+00,4.652502698909820600e-01,2.057739000000000207e+00
-2.212339709514404174e+00,1.042222029162882535e+00,2.811500025309596751e-01,2.057739000000000207e+00
2.742014265059791001e+01,-1.352142104446141024e+00,5.431069462819073657e+00,2.041211000000000109e+00
1.288024075839202531e+01,1.592945263184551763e+00,5.249141289862592430e+00,2.041211000000000109e+00
1.011937133909558995e+01,-1.351631363899457261e+00,4.512520034641598343e+00,2.041211000000000109e+00
-3.442147393735255889e+01,-1.348967313450665895e+00,-3.581295285547130725e+00,2.032896000000000036e+00
2.926006209754982024e+01,-1.350786408576923003e+00,-4.587051477799395927e-01,2.032896000000000036e+00
9.014205528829133840e+00,-1.349532133754375751e+00,-4.321761196446469278e+00,2.032896000000000036e+00
-9.574167530223911982e+00,3.250641684253659403e+00,1.570741281971164138e+00,2.032896000000000036e+00
2.388923347036704836e+00,1.042100488057446261e+00,4.647469907191077443e-01,2.032896000000000036e+00
-4.086287652713548368e+01,-1.533731347090713681e+00,-8.375993394939935943e-02,2.024547999999999792e+00
4.048709690956274443e+01,-1.535027207355482259e+00,-4.598513847128425924e-01,2.024547999999999792e+00
-3.939029773949561530e+01,-1.534189800266828607e+00,1.756593364312037053e+00,2.024547999999999792e+00
-3.810234649484278435e+01,-1.533258150325711444e+00,-2.292629065543189792e+00,2.024547999999999792e+00
-3.534102096466070719e+01,-1.534692044516769993e+00,3.596693539235491954e+00,2.024547999999999792e+00
3.312474335623435451e+01,-1.534035230600689692e+00,-4.140124055569609496e+00,2.024547999999999792e+00
2.944432591842885927e+01,-1.535359647141171457e+00,1.749831357357555239e+00,2.024547999999999792e+00
2.705137157885301136e+01,-1.534582153402543447e+00,-1.378780497799054983e+00,2.024547999999999792e+00
2.539447159969227030e+01,-1.533470427710270423e+00,-5.979862625935024489e+00,2.024547999999999792e+00
-1.620063855757444671e+01,-1.533110258794668113e+00,-4.503377541231754932e+00,2.024547999999999792e+00
1.545590920559203241e+01,-1.533604920236638636e+00,-4.690537335323481827e+00,2.024547999999999792e+00
-1.436044791818703992e+01,-1.532404707505335750e+00,-7.632405241703788867e+00,2.024547999999999792e+00
1.398473961857745351e+01,-1.536527218764735636e+00,7.824992899173650152e+00,2.024547999999999792e+00
-1.343868024514111248e+01,-1.536061156769964020e+00,7.827686853843260906e+00,2.024547999999999792e+00
1.416801219938702872e+01,-1.534666598999534504e+00,-8.916592344284557381e-02,2.024547999999999792e+00
-1.435967049981301358e+01,-1.534268455442305168e+00,2.817365006602112754e-01,2.024547999999999792e+00
-1.288685567876834170e+01,-1.535290367177117643e+00,4.514736720933474778e+00,2.024547999999999792e+00
1.232798427544127584e+01,-1.535762236989699048e+00,4.696309723105382083e+00,2.024547999999999792e+00
-7.918555754717698569e+00,8.598736902733835619e-01,-6.528175631021499115e+00,2.024547999999999792e+00
-7.734456076641754052e+00,-1.532994085831200559e+00,-5.608508196011621649e+00,2.024547999999999792e+00
6.622241429322783368e+00,-1.535188498328202256e+00,2.672322276249146977e+00,2.024547999999999792e+00
-4.420847301060213397e+00,1.042042849504202229e+00,1.201615935406346036e+00,2.024547999999999792e+00
-2.028008130210633198e+00,-1.535258200353300628e+00,3.593421017174780907e+00,2.024547999999999792e+00
1.674420438800498090e+01,6.751878375418859379e-01,-5.610392754868189336e+00,2.016164999999999985e+00
3.956706486812362300e+01,-1.535531683449220974e+00,1.748836944552795813e+00,1.999292999999999987e+00
3.294105011003647121e+01,3.056856723971662082e-01,-8.267756565196339169e-01,1.999292999999999987e+00
8.093816456916249180e+00,1.043563868938293560e+00,-6.161605280822559649e+00,1.999292999999999987e+00
-2.797957238611731512e+01,-1.533516872654948848e+00,-1.925523490232782908e+00,1.990803000000000100e+00
2.061033200634552287e+01,4.884715777587295138e-01,5.432171858019390065e+00,1.990803000000000100e+00
1.582507945354484491e+01,8.565662077183970879e-01,5.800828617532353348e+00,1.990803000000000100e+00
1.472038413733420903e+01,3.066222145273760358e+00,1.384261354578610659e+00,1.990803000000000100e+00
6.621518249494794617e+00,-1.533454779448507388e+00,-4.689669484089478146e+00,1.990803000000000100e+00
1.799922354948974290e-01,-1.533865417556037336e+00,-2.480438747839411207e+00,1.990803000000000100e+00
1.284725137884198176e+00,-1.534924416437395855e+00,1.936647626947232137e+00,1.990803000000000100e+00
2.205123328792751192e+00,8.574478193275322235e-01,3.041419644613935436e+00,1.982277000000000067e+00
1.564088025897774337e+01,-1.535818539774626457e+00,4.695984278954028035e+00,1.973713999999999968e+00
1.435132093912903706e+01,-1.532892665037020707e+00,-7.635225758042389899e+00,1.973713999999999968e+00
-1.564758458553338549e+01,-1.535286791203104739e+00,4.699057918434140113e+00,1.973713999999999968e+00
-4.788266970166067615e+00,-1.536381541462692901e+00,8.563036058895585612e+00,1.973713999999999968e+00
1.283712686105367151e+00,-1.532497209958723738e+00,-8.370141037526831695e+00,1.973713999999999968e+00
-1.659794668244409133e+00,3.065893729499824083e+00,3.962568411397878076e+00,1.973713999999999968e+00
3.220536217666010259e+01,-1.536100053733252979e+00,4.694357058000784733e+00,1.965114000000000027e+00
-2.945124719897220444e+01,-1.535225568078452785e+00,5.436612911929044500e+00,1.965114000000000027e+00
2.171426144162492378e+01,2.145854309464994003e+00,1.383357592350171084e+00,1.965114000000000027e+00
-2.080192139857167533e+01,4.916892549366551624e-01,-5.238647742088517134e+00,1.965114000000000027e+00
-9.757648104403237710e+00,-1.536210401465619713e+00,8.195425237203901148e+00,1.965114000000000027e+00
4.965689520116141509e+00,8.578343300543515015e-01,1.200650501037075379e+00,1.965114000000000027e+00
-1.843971651085156260e+00,8.575166338405549871e-01,3.041817409676897732e+00,1.965114000000000027e+00
2.042588596324624106e+01,-1.535206378433762620e+00,1.750717288745784694e+00,1.956476000000000104e+00
-1.840918543154589315e+01,1.411724194307602209e+00,-4.502467095817596743e+00,1.956476000000000104e+00
1.766535593095352752e+01,-1.535679575198765079e+00,3.959586420339560764e+00,1.956476000000000104e+00
-1.693578438364914263e+01,8.571229797631049196e-01,5.804046898933917120e+00,1.956476000000000104e+00
-1.509577311197252847e+01,3.066945585249052808e+00,4.669413821931800435e-01,1.956476000000000104e+00
-1.104639099233778232e+01,2.882133288250189107e+00,3.411297178455805934e+00,1.956476000000000104e+00
-1.178304340331792055e+01,6.745457498014022502e-01,-8.222954746601810472e-01,1.956476000000000104e+00
-5.893962209183086109e+00,1.411901581579825704e+00,-6.160144497685835496e+00,1.956476000000000104e+00
7.542443877935956387e+00,1.041709505045637751e+00,1.752589702298858132e+00,1.956476000000000104e+00
3.309820072151373971e+00,8.564755064843566634e-01,7.090406031383676755e+00,1.956476000000000104e+00
-7.365570968462813894e+00,1.041919524575714018e+00,1.938104195086646664e+00,1.956476000000000104e+00
7.330931902966111302e-01,1.224704973319137302e+00,6.722645851794239569e+00,1.956476000000000104e+00
-3.110793506127000896e+01,3.059506765926398031e-01,2.676462150522889161e+00,1.930331000000000019e+00
-2.705899795980721478e+01,-1.534312685720981451e+00,1.387282000755536648e+00,1.930331000000000019e+00
2.668361509117917763e+01,-1.535399414186250144e+00,2.118202548866678914e+00,1.930331000000000019e+00
-1.932885203724539736e+01,2.698745165882217023e+00,1.203470518354703644e+00,1.930331000000000019e+00
1.876923881943636019e+01,2.698617799545679929e+00,-1.008870017880382663e+00,1.930331000000000019e+00
-1.822469740118846104e+01,-1.534246111649150812e+00,4.661651794792061598e-01,1.930331000000000019e+00
-1.031138809724160232e+01,-1.532386836232666250e+00,-8.000901994881937540e+00,1.930331000000000019e+00
-1.196733014073885393e+01,2.699746965886172578e+00,-3.582547535177952991e+00,1.930331000000000019e+00
2.204250953483005482e+00,-1.533206337222069005e+00,-5.425434534555462207e+00,1.930331000000000019e+00
-1.878852492309164568e-01,8.583553418879388275e-01,-6.393411925680850816e-01,1.930331000000000019e+00
2.152955047047812798e+01,4.909264875921250382e-01,-5.058757201627200217e+00,1.921535999999999911e+00
4.782321982272644156e+00,-1.536544193961924432e+00,8.562095886848208437e+00,1.921535999999999911e+00
7.173921359671003195e+00,-1.534070964818119442e+00,-2.113026808728339923e+00,1.921535999999999911e+00
-1.969661550303706932e+01,1.225485603355936703e+00,4.884155817571516955e+00,1.912700999999999985e+00
-2.540206082161579104e+01,-1.535511097468432506e+00,6.356464116810187193e+00,1.903826000000000018e+00
-2.282635051505004853e+01,1.043612589150745729e+00,-4.134020867655987530e+00,1.903826000000000018e+00
1.195881588211315005e+01,4.914358837900923427e-01,-6.530214981549323561e+00,1.903826000000000018e+00
1.085480886438437231e+01,-1.533873465596538477e+00,-3.217687377435400897e+00,1.903826000000000018e+00
-6.445523979685338745e+00,8.583316627804643550e-01,-8.657748264665279803e-02,1.903826000000000018e+00
1.913666915389444867e+01,-1.533104020335413598e+00,-7.083545861991585646e+00,1.894908999999999955e+00
1.950505116832885122e+01,1.227073188298453799e+00,-4.690284960418724225e+00,1.894908999999999955e+00
-1.656817879628960455e+01,4.901869944888146979e-01,8.345792147772058689e-01,1.894908999999999955e+00
-1.601639309387828902e+01,2.515679099743634239e+00,-3.214094124711416978e+00,1.894908999999999955e+00
-1.159867040061247501e+01,-1.534922175996203730e+00,2.858162213286524977e+00,1.894908999999999955e+00
5.332808665983266749e+00,-1.532566024488741574e+00,-8.370538802688029634e+00,1.894908999999999955e+00
7.909975442516819832e+00,2.699582520983489164e+00,-4.320699176316417756e+00,1.894908999999999955e+00
-7.182108482482647105e+00,2.699839011485924534e+00,-4.319216597186391837e+00,1.894908999999999955e+00
2.205154928267992087e+00,-1.535373485821687645e+00,3.777055165867815756e+00,1.894908999999999955e+00
3.294126706392592752e+01,3.051655568745552660e-01,1.381821271581970434e+00,1.885949000000000098e+00
2.061022523428245279e+01,-1.535902993969012309e+00,4.695496112628760876e+00,1.885949000000000098e+00
-2.116959588543021908e+01,-6.149370509814649360e-02,-8.215467533779896581e-01,1.885949000000000098e+00
-2.043378353653772450e+01,-1.533038316345372687e+00,-4.502961695916331664e+00,1.885949000000000098e+00
-1.951237745340579011e+01,-1.535827906170153634e+00,7.276134519461412431e+00,1.885949000000000098e+00
2.042584809938300694e+01,4.895149369757199609e-01,1.014995082068677057e+00,1.885949000000000098e+00
1.214319273944325062e+01,2.699337206693323221e+00,-3.584916045597973611e+00,1.885949000000000098e+00
1.195986592018589612e+01,2.697606615749901238e+00,3.777093794993112486e+00,1.885949000000000098e+00
-1.012631553618083124e+01,1.216741262003551843e-01,2.122208679264738773e+00,1.885949000000000098e+00
-4.789622932245316100e+00,-1.533130818798760675e+00,-5.240697491739373604e+00,1.885949000000000098e+00
-3.313273303193511055e+01,4.906418802883115715e-01,1.000074596965806750e-01,1.876946999999999921e+00
1.803305818017958728e+01,-1.534732285593279677e+00,-8.954560835158266452e-02,1.876946999999999921e+00
-1.546347507483017836e+01,1.961655983388240321e+00,4.699863348760358939e+00,1.876946999999999921e+00
-7.181390853411038222e+00,3.434347615104824225e+00,2.858898539754735069e+00,1.876946999999999921e+00
-5.156909353109544014e+00,-1.535074996665872327e+00,3.041579399146500329e+00,1.876946999999999921e+00
-2.948711809161623787e+00,3.619452584827303365e+00,-1.926768807167400288e+00,1.876946999999999921e+00
-3.147642654399741957e+01,6.750104676829531414e-01,-1.372510871735183935e+00,1.858811999999999909e+00
2.042551469918094043e+01,2.146829750244442003e+00,-2.665610714167109041e+00,1.858811999999999909e+00
1.637638882466033863e+01,2.515085240552380252e+00,-3.033226251599600243e+00,1.858811999999999909e+00
3.919858520052357420e+01,-1.534615225117736514e+00,-2.116172769120059804e+00,1.849677000000000016e+00
-2.963563301682201256e+01,1.042384690495005151e+00,1.572191915259848027e+00,1.849677000000000016e+00
2.024123934084209964e+01,-1.533772932515939935e+00,-4.322907433281136136e+00,1.849677000000000016e+00
-1.840950673903427059e+01,-1.532422579030495946e+00,-7.263907488623909003e+00,1.849677000000000016e+00
-1.804104615094955477e+01,-1.533295694325893743e+00,-3.582947768861290516e+00,1.849677000000000016e+00
1.803331585265518555e+01,8.573955319569630529e-01,2.119615774529974406e+00,1.849677000000000016e+00
-1.712097652321653385e+01,6.758067202063260392e-01,-5.791115986058554377e+00,1.849677000000000016e+00
1.619265201406768639e+01,6.737669033521587192e-01,4.633042880703392430e-01,1.849677000000000016e+00
1.508784437515284793e+01,1.595291591442850709e+00,-4.873814343436071006e+00,1.849677000000000016e+00
-1.288704999368523474e+01,8.579210246729345180e-01,2.122653253603399737e+00,1.849677000000000016e+00
1.177547824772840634e+01,8.578486255885039435e-01,6.478315503582953161e-01,1.849677000000000016e+00
-6.996986956144114700e+00,8.566940137477704331e-01,6.907368530432438369e+00,1.849677000000000016e+00
-1.107252908943523462e+00,-1.536487443139257003e+00,8.746724448247768180e+00,1.849677000000000016e+00
2.204595891144877751e+00,6.746547708338390681e-01,-2.296068524343157335e+00,1.849677000000000016e+00
3.791074030067060363e+01,-1.719856927824770620e+00,3.037305281976102389e+00,1.840497999999999967e+00
3.588554144886680319e+01,-1.718262173520937131e+00,-3.588288619748055908e+00,1.840497999999999967e+00
3.515010179128581314e+01,-1.720070066475223758e+00,4.141874449519129087e+00,1.840497999999999967e+00
3.312504757550654944e+01,-1.718822056088626704e+00,-1.011320500137313561e+00,1.840497999999999967e+00
3.275714645180817541e+01,-1.719292572955096743e+00,1.013263594460719341e+00,1.840497999999999967e+00
-3.294864830118051913e+01,-1.718132557927312121e+00,8.356682434096137646e-01,1.840497999999999967e+00
-3.129205567348597938e+01,-1.718507453001516305e+00,2.307903473401673011e+00,1.840497999999999967e+00
-3.129238110436928011e+01,-1.717727279599851942e+00,-1.004992418750715988e+00,1.840497999999999967e+00
-2.797995518774065005e+01,-1.716656665065878329e+00,-5.790612707122174463e+00,1.840497999999999967e+00
2.539462634591338741e+01,1.226741252204591737e-01,-4.691123583942247599e+00,1.840497999999999967e+00
-2.503445310206224761e+01,-1.718397087855858762e+00,1.387039775463324132e+00,1.840497999999999967e+00
2.355521796182831906e+01,-1.720479808271777156e+00,6.719710420265640138e+00,1.840497999999999967e+00
-2.337746272542301895e+01,-1.719725528408093673e+00,6.908370873641619170e+00,1.840497999999999967e+00
2.300174816142544287e+01,-1.717306387601714501e+00,-6.715869901594984981e+00,1.840497999999999967e+00
2.318649985106014455e+01,2.330269367579503648e+00,-2.731916528376260311e-01,1.840497999999999967e+00
-2.245736875368843144e+01,8.574335326092755727e-01,4.884340335875990924e+00,1.840497999999999967e+00
-1.969673793615133306e+01,-1.719137942485680526e+00,4.147262358858350595e+00,1.840497999999999967e+00
1.729649346173013313e+01,-1.717902909278210100e+00,-3.770512510222672198e+00,1.840497999999999967e+00
-1.601639281621073962e+01,-1.717640154339824310e+00,-2.478891030102703841e+00,1.840497999999999967e+00
1.564015394695575978e+01,-1.718134815764799761e+00,-2.666050824096210636e+00,1.840497999999999967e+00
-1.012706789701990928e+01,1.595936833096302632e+00,-5.791586321641847057e+00,1.840497999999999967e+00
1.048689422072610533e+01,8.584339796671197620e-01,-1.744688810082776209e+00,1.840497999999999967e+00
-7.366124177260230610e+00,-1.717613795115316755e+00,-3.215940777118094562e+00,1.840497999999999967e+00
4.596804411920183853e+00,-1.717080280352534682e+00,-6.345961890296687891e+00,1.840497999999999967e+00
3.860761589063086863e+00,2.147761408782954184e+00,-5.424730403340845442e+00,1.840497999999999967e+00
-1.475591072713053009e+00,-1.719967723594877596e+00,6.354070343931013554e+00,1.840497999999999967e+00
1.101033596518839142e+00,-1.719838142810839132e+00,5.617618244657398563e+00,1.840497999999999967e+00
-3.350041862900726386e+01,-1.719033376577433048e+00,4.700768358344760145e+00,1.831272000000000011e+00
-2.761085938994499855e+01,4.896378398431636692e-01,3.964510926889929898e+00,1.831272000000000011e+00
-2.577027726600089963e+01,1.212898559147279620e-01,4.884492409180890782e+00,1.831272000000000011e+00
-2.264189892119439307e+01,2.331048222844643192e+00,-2.686896749848702304e-01,1.831272000000000011e+00
-1.767218994621238437e+01,-1.719172349750689444e+00,4.147063476277751626e+00,1.831272000000000011e+00
1.085524007622804810e+01,3.618697874103674383e+00,2.804731034731332007e-01,1.831272000000000011e+00
-5.156606125136512730e+00,1.409115119691317419e+00,5.618969797944368239e+00,1.831272000000000011e+00
-1.475445009425292442e+00,4.883701569645496066e-01,7.458889420050171637e+00,1.831272000000000011e+00
-6.077663147113415931e+00,6.748388705967480750e-01,-2.479303907875014978e+00,1.831272000000000011e+00
3.638761092770591565e-01,2.515790800422112561e+00,-4.872151211488392697e+00,1.831272000000000011e+00
-2.949037676107221007e+00,-1.717428807857327211e+00,-4.320672666736798284e+00,1.831272000000000011e+00
3.125172458431025202e+00,3.986884894247334277e+00,4.653681524868335528e-01,1.831272000000000011e+00
-4.012687953746038261e+01,-1.717317080949662289e+00,-2.108423531665745809e+00,1.822000000000000064e+00
-2.264185935240038816e+01,-1.718307722171634300e+00,8.346557503523933663e-01,1.822000000000000064e+00
-1.859283070368397617e+01,2.883215078743941451e+00,-6.370564001654378528e-01,1.822000000000000064e+00
1.600894068835445339e+01,2.513531149369105933e+00,3.592602693111842882e+00,1.822000000000000064e+00
4.780801599820971859e+00,4.917312450096351650e-01,-7.265708828523099960e+00,1.822000000000000064e+00
-4.237638355361659670e+00,4.918845137170439474e-01,-7.264822897134870061e+00,1.822000000000000064e+00
3.309667744475621287e+00,-1.719962363814807826e+00,5.985500269841276477e+00,1.822000000000000064e+00
-3.501230374351295804e+00,2.147886526097899207e+00,-5.424007194028293455e+00,1.822000000000000064e+00
4.044854289136459613e+00,-1.717547669299727131e+00,-4.321359715544429214e+00,1.822000000000000064e+00
-1.291529536069643935e+00,2.145205069557983624e+00,5.802813477655050178e+00,1.822000000000000064e+00
2.021333420630128774e+00,2.329285447681108234e+00,5.434431388198378343e+00,1.822000000000000064e+00
-3.132888800818466990e+00,-1.717902452424574067e+00,-2.296107652391191412e+00,1.822000000000000064e+00
-2.613914984542087083e+01,-1.717424775012683202e+00,-2.661946611306416965e+00,1.812680000000000069e+00
-2.374689960625587659e+01,-1.716511892672206940e+00,-6.711277522578160237e+00,1.812680000000000069e+00
2.208180651746484813e+01,-1.718027578555414880e+00,-3.586932602287020266e+00,1.812680000000000069e+00
1.840191338491673534e+01,-1.720608941001080527e+00,7.640465636885694245e+00,1.812680000000000069e+00
-1.343986821870689852e+01,1.963875410778028296e+00,-4.870925222162197699e+00,1.812680000000000069e+00
1.306359120792113515e+01,8.583901886102880407e-01,-1.744941933322522454e+00,1.812680000000000069e+00
1.011917702416167941e+01,1.041579027950622738e+00,2.120436567076028567e+00,1.812680000000000069e+00
-6.261497183527263033e+00,3.803297824620068823e+00,-8.221010563909065816e-01,1.812680000000000069e+00
4.597850326499774098e+00,3.434017398582532188e+00,3.409890386899708581e+00,1.812680000000000069e+00
3.861057839033533057e+00,3.619510223162046625e+00,-2.663636751756452536e+00,1.812680000000000069e+00
2.705119221125746520e+01,6.745359005585483958e-01,-3.586857313832299887e+00,1.803312000000000026e+00
-2.540226282828212945e+01,-1.719084319599285759e+00,4.331872840005448033e+00,1.803312000000000026e+00
-2.208936684474566192e+01,-1.719140622384212946e+00,4.331547395854093097e+00,1.803312000000000026e+00
4.214365024613081800e+01,-1.719365411496867724e+00,6.442415145506512619e-01,1.784429000000000043e+00
-3.810180724216578341e+01,-1.718608434355350933e+00,3.228821411999168944e+00,1.784429000000000043e+00
3.606986961840727446e+01,-2.464731440590260114e-01,-1.011263042424567438e+00,1.784429000000000043e+00
-2.669095005909123941e+01,1.778838023707752125e+00,2.837280443023561527e-01,1.784429000000000043e+00
2.465872045854933603e+01,-1.718591485134857599e+00,-1.378588797425147616e+00,1.784429000000000043e+00
2.208222234582665067e+01,-1.719024466817041130e+00,6.462122599077093632e-01,1.784429000000000043e+00
-2.080165163349763091e+01,-1.717645513884398234e+00,-2.110321956012960243e+00,1.784429000000000043e+00
2.024143508302221761e+01,-1.718299699889327847e+00,-2.298403841899604227e+00,1.784429000000000043e+00
-1.104710207945208111e+01,-1.717594579476935612e+00,-3.031529178453360007e+00,1.784429000000000043e+00
8.094819512031879327e+00,4.889876780854832128e-01,4.145052355752191886e+00,1.784429000000000043e+00
5.517577712702639303e+00,-1.718352866157582426e+00,-1.008608465215242278e+00,1.784429000000000043e+00
2.668388144648990234e+01,3.045350759707908805e-01,4.511282897621888388e+00,1.774912000000000045e+00
2.373824725354591081e+01,1.042821222157510830e+00,-4.138595166420351745e+00,1.774912000000000045e+00
-1.712000819968892529e+01,2.330000839397398771e+00,3.779863786315172725e+00,1.774912000000000045e+00
-1.528008391561223256e+01,4.907719005296903858e-01,-1.742244262912070019e+00,1.774912000000000045e+00
1.490408919877472727e+01,8.583589092815517851e-01,-1.745122735650660672e+00,1.774912000000000045e+00
1.343141232190690815e+01,-1.717750536663276817e+00,-4.138232813429087109e+00,1.774912000000000045e+00
4.413085403273586671e+00,6.748772932761151200e-01,-3.400583451227036758e+00,1.774912000000000045e+00
4.965663748851348203e+00,-1.718906940907462211e+00,1.384092697553967577e+00,1.774912000000000045e+00
1.284728706123470898e+00,3.986786144518795982e+00,1.017698936840346402e+00,1.774912000000000045e+00
8.646345123503424546e+00,1.042644282923027577e+00,-2.296614647303907741e+00,1.755722999999999923e+00
2.852335061098009206e+01,-1.717660283466976745e+00,-5.612113344528613545e+00,1.746050000000000102e+00
2.668352683459551500e+01,1.777844237388707782e+00,6.465837649015386823e-01,1.746050000000000102e+00
-2.319388933520281171e+01,2.146617525082759936e+00,1.387769169137093472e+00,1.746050000000000102e+00
-2.098507752438480978e+01,1.962009879253502564e+00,3.596106791693989280e+00,1.746050000000000102e+00
1.214429273407590237e+01,-1.720675963363142325e+00,8.377280340815548954e+00,1.746050000000000102e+00
1.398361385277823921e+01,3.067446800944206298e-01,-3.953760290723015380e+00,1.746050000000000102e+00
-1.270255113949961334e+01,6.727843278024798757e-01,6.723835680851006913e+00,1.746050000000000102e+00
-1.325579046595488819e+01,-1.717340329415692368e+00,-3.951561185662626485e+00,1.746050000000000102e+00
1.287993269329422574e+01,4.893397815642886450e-01,2.304084329692968058e+00,1.746050000000000102e+00
1.140794184612100715e+01,1.040560244152083147e+00,6.353454867601767475e+00,1.746050000000000102e+00
-9.573657180890457141e+00,3.045011341568130137e-01,7.275591613554261095e+00,1.746050000000000102e+00
9.750472006008957138e+00,4.908666174135848381e-01,-3.953301102695978564e+00,1.746050000000000102e+00
-9.574562146876370861e+00,3.435645224366062678e+00,-2.478310243503479171e+00,1.746050000000000102e+00
8.094941231416299843e+00,2.329268911924264440e+00,5.065734752439664312e+00,1.746050000000000102e+00
1.101359027402141644e+00,-1.720618316212503496e+00,8.930514136809787118e+00,1.746050000000000102e+00
-3.133268470149576324e+00,-1.716992250201130998e+00,-6.161152526568990595e+00,1.746050000000000102e+00
1.836270542502708825e+00,1.230311576023939979e-01,-4.504759320172916581e+00,1.746050000000000102e+00
-4.141484886162857038e+01,-1.718205387871688083e+00,1.756748904181022475e+00,1.736321999999999921e+00
-3.663007819076486271e+01,-1.717029767989121769e+00,-3.581165008137297878e+00,1.736321999999999921e+00
-3.460528192503053191e+01,1.229136579220015124e-01,-1.372333535971131280e+00,1.736321999999999921e+00
-2.577067814712256322e+01,-6.180559347713798085e-02,8.353531985185500552e-01,1.736321999999999921e+00
2.484251734471452977e+01,-1.717987811510336194e+00,-3.955303793796143719e+00,1.736321999999999921e+00
2.392315880411283757e+01,6.726386416845412386e-01,4.695690780545780818e+00,1.736321999999999921e+00
-2.337849325661896671e+01,-1.717254979145825811e+00,-3.582466784840950602e+00,1.736321999999999921e+00
2.208186289690572224e+01,1.594869329102305944e+00,-3.586152434184459281e+00,1.736321999999999921e+00
2.097827526707718349e+01,1.961296710582108638e+00,3.591984498749970722e+00,1.736321999999999921e+00
-2.061762625588492881e+01,2.147613965306645945e+00,-3.029678810305840297e+00,1.736321999999999921e+00
-1.767269787698345596e+01,3.066758829776935480e-01,-1.373953574619446671e+00,1.736321999999999921e+00
1.711268405560503680e+01,6.742713792104015891e-01,-1.745383041195333940e+00,1.736321999999999921e+00
-1.362325937790782326e+01,3.434760493636551004e+00,1.571182389745739982e+00,1.736321999999999921e+00
1.048619950817936086e+01,-1.716703601472273411e+00,-8.371088391879135671e+00,1.736321999999999921e+00
1.287982009290545626e+01,3.434526786183104363e+00,6.483298662961076708e-01,1.736321999999999921e+00
-9.573800111984219541e+00,-1.719786751532745406e+00,6.170815880146715671e+00,1.736321999999999921e+00
8.093787553474477647e+00,-1.717226396893416940e+00,-5.978206426781786931e+00,1.736321999999999921e+00
-9.942351097547421190e+00,-1.718696921377385944e+00,1.569607190341755887e+00,1.736321999999999921e+00
-2.397116020604728615e+00,8.599098811089533889e-01,-7.080867020031323733e+00,1.736321999999999921e+00
