-9.243435745237121637e+00,-1.076676609131506923e-01,-1.059671576086537614e+00,4.601244999999999585e+00
8.977574756628451169e+00,-2.834149772672549528e-01,-1.063818531577149562e+00,4.601244999999999585e+00
-4.274678939269152878e+00,1.182943563958968047e+00,-1.058486030574219861e+00,4.601244999999999585e+00
4.191610994972827520e+00,1.186801239976017275e+00,-1.060264898090947261e+00,4.601244999999999585e+00
-2.242427213538777941e-01,-1.760003745221737637e+00,-1.064433165274448312e+00,4.601244999999999585e+00
1.413092412828107314e+01,-9.733562532205301820e-02,-8.805340767174441030e-01,4.417195000000000427e+00
-1.402860753135324146e+01,-2.942162960195414123e-01,-8.749359324654170100e-01,4.390272999999999648e+00
-5.928954211893734616e+00,-3.419685841254865633e+00,-6.980026312701864688e-01,4.233145000000000380e+00
5.482131351649925932e+00,-3.414486365280278601e+00,-7.004002351317650810e-01,4.233145000000000380e+00
-4.246238544115693569e-02,3.392828855230984431e+00,-6.874547459648687742e-01,4.233145000000000380e+00
1.873229116077457235e+01,-2.796072735412912791e-01,-6.977696557748647166e-01,4.057452999999999754e+00
-1.844593075028173246e+01,7.155190826623032685e-02,-6.893210602872040793e-01,4.057452999999999754e+00
1.136866299425019555e+01,3.397709825738829181e+00,-5.058026297235850288e-01,3.998584999999999834e+00
-7.588715006064606250e+00,3.941221102248021246e+00,-5.008639427987985338e-01,3.930228000000000055e+00
-1.182160908649962572e+01,3.387143148111486202e+00,-5.009300796421536361e-01,3.899945000000000217e+00
-1.145024110956240015e+01,-3.790619633381242526e+00,-5.134298271332979891e-01,3.899945000000000217e+00
1.155598099435609782e+01,-3.780136818365158469e+00,-5.182637061406482060e-01,3.899945000000000217e+00
2.314956323702258345e+01,-2.782315849941203734e-01,-3.305983198763050579e-01,3.865045999999999982e+00
-2.286279617570786016e+01,-4.832459198723031979e-01,-3.212490839100052287e-01,3.865045999999999982e+00
7.135138365922386150e+00,4.315710008537648967e+00,-3.192708596433145862e-01,3.865045999999999982e+00
1.670622893361380790e+01,3.215774627507371530e+00,-3.231928911365823387e-01,3.744858999999999938e+00
1.634122941255709094e+01,-3.594225193828665788e+00,-3.349009089241883341e-01,3.744858999999999938e+00
-1.605471473747286737e+01,3.384895804408393438e+00,-3.159909256758715590e-01,3.744858999999999938e+00
-1.641962946342302843e+01,-3.609152721773658090e+00,-3.280174655118781590e-01,3.708499999999999908e+00
-2.247004272114164536e+00,-5.259459161623295742e+00,-1.498121232004162307e-01,3.680995999999999935e+00
1.802090218175560699e+00,-5.257614186453856142e+00,-1.506628857796428189e-01,3.680995999999999935e+00
-3.724179428333798114e+00,5.230691140065053979e+00,-1.313469321567930781e-01,3.611317999999999806e+00
2.075544703561321214e+01,3.033251391910008365e+00,-1.403124571818712141e-01,3.549824000000000090e+00
-2.083980272827140467e+01,3.014298462269797252e+00,-1.315728038945596368e-01,3.545049000000000117e+00
-2.028480375185743867e+01,-3.243132930109760892e+00,-1.425186063457967722e-01,3.516265999999999892e+00
3.269628895695392501e+00,5.417927621403396010e+00,-1.324979079321697284e-01,3.516265999999999892e+00
-2.746396296440682505e+01,-4.859794929897670035e-01,4.781613251893306049e-02,3.496945999999999888e+00
2.738253394954247355e+01,2.752093585725166047e-01,3.756625780463009046e-02,3.496945999999999888e+00
2.094255146542554158e+01,-3.592765640939695526e+00,3.223075590180983496e-02,3.496945999999999888e+00
8.428088791164928040e+00,-5.623013050430085258e+00,3.135663020086201791e-02,3.358592999999999940e+00
-2.544080192584642219e+01,2.643465478552210257e+00,2.368553653965288497e-01,3.312895999999999841e+00
2.462056918115635895e+01,3.034375494353942493e+00,2.269738919404515887e-01,3.302655999999999814e+00
2.572754949739579189e+01,-2.854705900045763300e+00,2.165491218842964805e-01,3.292383000000000060e+00
-8.688333647333992715e+00,-5.999229181143896916e+00,2.183657110040465588e-01,3.256172999999999984e+00
-2.507002051738771087e+01,-3.245950365838483620e+00,2.265852811572226511e-01,3.235300000000000065e+00
-3.114488086873813444e+01,-4.882937552371275358e-01,4.166889937860578375e-01,3.128846999999999934e+00
3.124807607265096010e+01,-6.439140667603497903e-01,4.032609906013332468e-01,3.128846999999999934e+00
1.412868197697750894e+01,5.421919993963217443e+00,4.173686621588258983e-01,3.128846999999999934e+00
-1.402582195440197843e+01,-5.817930994757240626e+00,4.038554130429926059e-01,3.046565999999999885e+00
-3.353316060896450068e+00,-1.942931067897639474e+00,-2.536491043719642846e+00,3.046565999999999885e+00
2.904459946931395642e+00,-2.124129447604456100e+00,-2.538124382336544915e+00,3.046565999999999885e+00
1.413387729590099262e+01,-5.989148734661465134e+00,3.976202233837518585e-01,2.996113999999999944e+00
-7.798529192781951114e-01,6.519424361543637580e+00,4.224121554805244094e-01,2.996113999999999944e+00
-9.982174169721650614e+00,6.147131824937081213e+00,4.237086599456147407e-01,2.990454999999999863e+00
-2.875357489710093972e+01,2.457587742149685450e+00,4.212826406335919982e-01,2.979105999999999810e+00
-1.384705109251141053e+01,5.777272301777172103e+00,4.238837060435464710e-01,2.967713999999999963e+00
5.299823589788837275e+00,-6.729371956647245412e+00,3.982023402934661283e-01,2.967713999999999963e+00
1.246548816113755898e+00,1.004276285833767934e+00,-2.716411167923197034e+00,2.967713999999999963e+00
9.711152351232540170e+00,6.156105114773110287e+00,4.195708594312782536e-01,2.962000999999999884e+00
-5.191014089597955738e+00,-6.734152120476839976e+00,4.004065892048625508e-01,2.962000999999999884e+00
2.995834152824703622e+01,2.484021379601557555e+00,5.929963019719427519e-01,2.944796999999999887e+00
2.904060650821771361e+01,-3.037883092010556396e+00,5.836339604483065102e-01,2.944796999999999887e+00
-3.352739982578158973e+00,-1.764295958086647076e+00,5.926697251744044159e-01,2.944796999999999887e+00
2.904952229687715271e+00,-1.761444632493402329e+00,5.913549101264274910e-01,2.944796999999999887e+00
-1.863205528729269034e+01,5.222624254340118455e+00,6.079833025252973089e-01,2.915897000000000183e+00
-6.298654279262348332e+00,-8.396571305864615198e-01,-2.718010887794740871e+00,2.880834999999999813e+00
-6.485440180464224547e+00,6.700555823161837843e+00,6.079792011881570701e-01,2.857221000000000011e+00
7.135678117948124566e+00,2.110938612539740245e+00,-2.531687781037236462e+00,2.857221000000000011e+00
-2.819870569566296581e+01,-3.432062746007780607e+00,5.950236058432908370e-01,2.839382000000000073e+00
1.872996521390903624e+01,5.423698051044040902e+00,6.004516066703301513e-01,2.833410999999999902e+00
1.855094296533254195e+01,-5.619356129590188154e+00,5.813788843765509418e-01,2.833410999999999902e+00
6.216814940831214997e+00,-1.018004184244382548e+00,-2.720959041669731349e+00,2.833410999999999902e+00
-8.874145165518012135e+00,-3.234429892449925070e+00,-2.169461133653132201e+00,2.815420000000000034e+00
-1.513415350766404099e+00,8.132355413203133931e-01,5.967423396268565217e-01,2.815420000000000034e+00
8.794717405853335279e+00,-3.410428795726503814e+00,-2.173492076341724477e+00,2.803363000000000049e+00
1.173851365258826362e+01,-1.383905225620294166e+00,-2.538706497515623273e+00,2.791253000000000206e+00
-6.482172157189642903e+00,-4.773746835534088406e-01,5.955567958451750687e-01,2.779091000000000200e+00
-1.698119038000760028e+00,6.351535790123090663e-01,-2.900478198820577891e+00,2.772990000000000066e+00
-3.464183259134479442e+01,-3.064754495715638072e-01,7.858417058173902126e-01,2.760746999999999840e+00
3.474501546918027373e+01,-4.589079855137606079e-01,7.709442052291120007e-01,2.760746999999999840e+00
3.290342835992701964e+01,1.932896558190564607e+00,7.754717167538153211e-01,2.760746999999999840e+00
2.370412374607223782e+01,-5.065177369231038895e+00,7.653013865826983064e-01,2.760746999999999840e+00
-2.341714327809122764e+01,4.852026912201522713e+00,7.924014243066092034e-01,2.760746999999999840e+00
-2.267641941542752093e+01,-5.086310724030074226e+00,7.750464865354492749e-01,2.760746999999999840e+00
-1.881103871972137398e+01,-5.820748432216502621e+00,7.729603005444924957e-01,2.760746999999999840e+00
1.118949348068769645e+01,-6.727325368121305438e+00,7.650643080196002366e-01,2.760746999999999840e+00
-8.873775494016198806e+00,-2.687377866114812441e+00,7.762869603351544301e-01,2.760746999999999840e+00
5.845849288277296552e+00,6.889904811116339900e+00,7.897564843175476357e-01,2.760746999999999840e+00
6.952662012937484093e+00,1.368923827315154051e+00,7.799687631298783952e-01,2.760746999999999840e+00
1.615302480390347517e+00,1.182442109022491028e+00,7.807716994486363360e-01,2.760746999999999840e+00
1.155491197955426941e+01,-8.375740732855759818e-01,7.751797079625818432e-01,2.754605000000000192e+00
-3.169829389410683262e+01,2.455608929891709202e+00,7.900008178145039306e-01,2.742280000000000051e+00
-1.182103051832606688e+01,1.182053246191169693e+00,-2.529297280723100894e+00,2.736097000000000001e+00
-7.404209072314244189e+00,1.920582274163022740e+00,-2.713001013428512298e+00,2.736097000000000001e+00
1.394530052735894365e+01,2.849283828945779806e+00,-1.979695355613358076e+00,2.711222999999999939e+00
2.738101330471548422e+01,3.954925440890603827e+00,7.801356035124810129e-01,2.704968000000000039e+00
-2.213406961700502273e-01,-7.284673959996077031e+00,7.665063411744043043e-01,2.704968000000000039e+00
8.242853351299212150e+00,-2.679578651925106136e+00,7.726905544377306034e-01,2.673477999999999799e+00
-1.163603046478076131e+01,6.242548914907810609e-01,7.826004431341401224e-01,2.667135000000000034e+00
2.259513233907723162e+01,5.241090952379766854e+00,7.833707119092342408e-01,2.660776999999999948e+00
-2.619592201550612565e+00,3.578571035180836191e+00,-2.343040310808951254e+00,2.660776999999999948e+00
2.533802149727058861e+00,3.580919186017829769e+00,-2.344123099832664536e+00,2.660776999999999948e+00
-1.402749970064797758e+01,-3.237096548753660930e+00,-1.984328624526556117e+00,2.641611999999999849e+00
1.100101899705131814e+01,1.376820409818450441e+00,-2.717823685400419187e+00,2.628756999999999788e+00
-1.163563981386908175e+01,-1.762655176003368407e+00,-2.534432323708072143e+00,2.602857000000000198e+00
1.652275752541133258e+01,1.010599862977400454e+00,-2.351521422874084610e+00,2.589809999999999945e+00
-1.144854487400618659e+01,-6.921690163214933911e+00,7.695023213098632908e-01,2.589809999999999945e+00
-3.095949632754744840e+01,-3.249589483976390802e+00,7.799719149959603026e-01,2.583261999999999947e+00
-1.623810235056864215e+01,9.956723345767566347e-01,-2.344637979251662507e+00,2.583261999999999947e+00
1.413190934773183116e+01,-2.855848666832114358e+00,-2.173657967253268541e+00,2.583261999999999947e+00
1.394605036006750609e+01,2.476406834701359916e+00,7.804104019479657373e-01,2.583261999999999947e+00
1.633957382952113591e+01,6.366834900850956158e-01,9.607711667017632129e-01,2.576696999999999793e+00
-1.384291246140181109e+01,-3.058060068676872412e+00,9.607427512513191381e-01,2.576696999999999793e+00
1.394835165344592909e+01,-2.493247712601779131e+00,9.558589962853041300e-01,2.576696999999999793e+00
3.308969583503007783e+01,-2.852625421199650013e+00,9.512001618553612703e-01,2.563517000000000046e+00
-1.623731986518948744e+01,8.058895295957724247e-01,9.679344628190289512e-01,2.563517000000000046e+00
-9.244014314076865801e+00,2.097423242736102367e+00,9.686946267265654775e-01,2.563517000000000046e+00
-2.232186859661983991e-01,-4.518835290923652437e+00,-2.173508335495778709e+00,2.556900999999999868e+00
-5.379388777973017177e+00,3.019431881796195150e+00,9.694751513354085137e-01,2.510104999999999809e+00
-1.403030376715384087e+01,2.836855232082005518e+00,-2.157867079179461633e+00,2.503347999999999907e+00
-5.380422649582799366e+00,3.761362802678967832e+00,-2.342141721759144257e+00,2.503347999999999907e+00
4.743265152189147571e+00,3.208094025703333685e+00,9.676667681410993094e-01,2.503347999999999907e+00
1.854959607422963686e+01,-2.491151149598561876e+00,9.548922204838340422e-01,2.482968000000000064e+00
2.723661339737205811e+00,-7.651749074832119746e+00,9.492992797368329239e-01,2.482968000000000064e+00
5.481391355618753458e+00,-1.024709746215127781e+00,9.601860488921583059e-01,2.482968000000000064e+00
2.112529153092933853e+01,-1.564951964261696693e+00,-1.804799362508152205e+00,2.476137000000000032e+00
-9.797365707304541260e+00,3.207201986385221026e+00,-2.342169186007894144e+00,2.476137000000000032e+00
9.159464540679554290e+00,3.951719141055670903e+00,-2.160828489367867977e+00,2.469287000000000010e+00
-2.083910154793276703e+01,6.248393491286295953e-01,-1.976208809962093360e+00,2.462419000000000135e+00
1.873335401231007324e+01,-3.038757325165598822e+00,-1.622795105683221051e+00,2.462419000000000135e+00
-1.844738176287364695e+01,2.833887015653407282e+00,-1.604790813511630221e+00,2.462419000000000135e+00
1.652401445747504027e+01,-1.750142716528334974e+00,-2.356299271216049540e+00,2.462419000000000135e+00
5.110202459721175039e+00,4.317972576487957070e+00,-2.159340681381427540e+00,2.462419000000000135e+00
-1.844658695120621772e+01,2.277279822029730116e+00,9.709467018984304643e-01,2.455531000000000130e+00
-1.678907814456101733e+01,-1.581272127007042450e+00,-2.348981291012571138e+00,2.455531000000000130e+00
9.897412663069385275e+00,1.553995828382503941e+00,9.637172689378096235e-01,2.455531000000000130e+00
-1.384534253042254193e+01,2.279376385032946928e+00,9.699799260969604875e-01,2.427782999999999802e+00
1.796541227238692695e+00,7.439890447199580592e+00,9.756115381281544874e-01,2.427782999999999802e+00
-2.228939940894340832e-01,-3.788052063480331189e+00,9.566070023759266627e-01,2.427782999999999802e+00
-3.353632277791795246e+01,-2.882983653212839670e+00,9.651990753345804919e-01,2.420796999999999866e+00
-2.709801620321931637e+01,4.665981452307033983e+00,9.769050416933542369e-01,2.420796999999999866e+00
2.333471488153722717e+01,-3.037616279929562513e+00,-1.071612720545768394e+00,2.420796999999999866e+00
-2.323226334640044755e+01,2.094871756992294554e+00,-1.236960018555193885e+00,2.420796999999999866e+00
-2.065434671847322790e+01,4.357784186020876027e-01,9.682255221392040978e-01,2.420796999999999866e+00
2.075752343262055888e+01,-1.017749156771056818e+00,9.569763531052106753e-01,2.420796999999999866e+00
2.075598062482790951e+01,1.011891689368963565e+00,-1.984311416111555149e+00,2.413790000000000102e+00
-3.445891793553345650e+01,2.269983782596274757e+00,9.743110817715909810e-01,2.399716000000000182e+00
-2.525605693239806371e+01,4.375039214759724460e-01,-1.239401345819576727e+00,2.399716000000000182e+00
-3.356935919601078844e+00,7.621592002118299902e+00,9.770128505106810968e-01,2.399716000000000182e+00
-3.795465154222426207e+01,-3.086219853215175779e-01,1.154636225147984030e+00,2.392647000000000190e+00
3.805773729799869898e+01,9.411264545383672686e-02,1.139302136339705118e+00,2.392647000000000190e+00
3.584830262131330869e+01,1.933601348489506933e+00,1.142951420826320286e+00,2.392647000000000190e+00
2.720114693795262539e+01,-5.064220991553971984e+00,1.132665077643071561e+00,2.392647000000000190e+00
-2.267776814244757944e+01,-3.058263404039338162e+00,-1.245994682844042245e+00,2.392647000000000190e+00
2.131205745226594672e+01,-6.171201823726686797e+00,1.131991410859972902e+00,2.392647000000000190e+00
1.873175757155987498e+01,1.741752428999739033e+00,1.146229303154819412e+00,2.392647000000000190e+00
-1.826057086212290059e+01,-1.956094043189250842e+00,1.147631715974595679e+00,2.392647000000000190e+00
-1.642401148112448794e+01,6.695071731129378811e+00,1.162215597817752633e+00,2.392647000000000190e+00
-1.641781061636792316e+01,-6.924591461099264933e+00,1.138644879676852018e+00,2.392647000000000190e+00
1.633684739485563142e+01,6.709999259074371558e+00,1.155332154405442457e+00,2.392647000000000190e+00
1.210353533706592799e+01,7.076168831895399691e+00,1.156858633465963848e+00,2.392647000000000190e+00
-2.797709353493445406e+00,-7.838633161658434823e+00,1.134190607442646437e+00,2.392647000000000190e+00
-2.434637128085630486e+00,3.204504881587051823e+00,1.153224658662344471e+00,2.392647000000000190e+00
-3.904130427031180517e+00,-4.704562246626287525e+00,-2.173053438423527606e+00,2.385558000000000067e+00
3.457860646222739920e+00,-4.701207745821140982e+00,-2.174600279705879657e+00,2.385558000000000067e+00
-2.507099957336123808e+01,-6.708500195142371725e-01,1.151292207496654063e+00,2.364161999999999875e+00
-2.102500451522227820e+01,6.140826052225977882e+00,1.162226802912448065e+00,2.364161999999999875e+00
2.517182385123878063e+01,5.425677723211904002e+00,1.151246281488714773e+00,2.335329999999999906e+00
1.873076251609791498e+01,2.483364843960118584e+00,-1.981337849626759073e+00,2.335329999999999906e+00
-2.525278707229576014e+01,-5.640270925235192578e+00,1.142730750862943623e+00,2.313470000000000137e+00
1.060591869771466245e+00,5.787250221305929365e+00,-1.419743850517909411e+00,2.313470000000000137e+00
2.517329151701285639e+01,1.012948873724281107e+00,-1.433091359898501560e+00,2.306137000000000103e+00
7.509078349062012769e+00,-7.833936860440099181e+00,1.132025029605331357e+00,2.306137000000000103e+00
-1.954970218532145054e+01,-1.766898276031427795e+00,-2.164670028787639477e+00,2.291402000000000161e+00
-3.611323202409496247e+01,-2.332327118425719714e+00,1.150745760761130443e+00,2.276569999999999983e+00
1.634304825961219620e+01,-6.909663933154272186e+00,1.131761436264541842e+00,2.276569999999999983e+00
-2.286349119232488292e+01,1.722799499815179436e+00,1.154968956232019117e+00,2.269118000000000190e+00
2.259680208501827892e+01,1.743513541557920155e+00,1.145417211649673916e+00,2.269118000000000190e+00
4.010708266534018129e+00,-4.706689258123937236e+00,1.138174672921604902e+00,2.269118000000000190e+00
-4.271699282000582798e+00,-4.342363660929605018e+00,1.140551916502100749e+00,2.269118000000000190e+00
4.007642977120140060e+00,-9.748898620724141817e-02,-3.455100254340409460e+00,2.254140000000000033e+00
3.677031121045029494e+01,-1.931019150217558433e+00,1.136069077641147951e+00,2.246614000000000111e+00
-2.249346494301320831e+01,-2.510170997327390019e+00,1.147565580861876544e+00,2.246614000000000111e+00
-1.126676353809360975e+01,-1.768857562306560105e+00,1.146480740409330679e+00,2.246614000000000111e+00
1.061554272562833745e+00,4.862543617082129010e+00,1.155356617754301540e+00,2.246614000000000111e+00
-1.586809175443925746e+01,-1.586904420009715322e+00,1.147766039779725578e+00,2.239062999999999803e+00
2.517400253357359574e+01,6.403903854022693354e-01,1.142964677349848079e+00,2.231485000000000163e+00
2.296415220597236129e+01,2.116558261024858112e+00,-1.614765888059812360e+00,2.231485000000000163e+00
-6.664219042204483578e+00,-5.811391438189238201e+00,-1.438186631372141866e+00,2.223882000000000136e+00
6.955012612834847729e+00,-5.068031274553945309e+00,-1.991922354367213766e+00,2.223882000000000136e+00
3.124990724644962015e+01,-4.326178194727031467e+00,1.133088407398796793e+00,2.216253000000000029e+00
-7.214820001883842870e+00,-8.024695567350454084e+00,1.134800188601110538e+00,2.216253000000000029e+00
-3.721950316014607552e+01,2.084039127649496059e+00,1.342672064309496704e+00,2.208597999999999839e+00
3.179824040133844321e+01,4.140032330545983186e+00,1.331674183294459413e+00,2.208597999999999839e+00
-3.022670038149467331e+01,4.479869072593388957e+00,1.345343366169310606e+00,2.208597999999999839e+00
2.351910087653371306e+01,-2.673573578973327258e+00,1.321629019801337179e+00,2.208597999999999839e+00
-1.219116337964820218e+01,7.432879884189535602e+00,1.346649977022482680e+00,2.208597999999999839e+00
8.054144481131411126e+00,7.810203172005416583e+00,1.343033208903228193e+00,2.208597999999999839e+00
9.160202046644560170e+00,3.945667535452354713e+00,1.336112196584722467e+00,2.208597999999999839e+00
-6.664055777974433603e+00,-4.895921495331594819e+00,1.324148789441020213e+00,2.208597999999999839e+00
-4.643153727455682223e+00,8.191355080444069348e-01,-3.635739820158699231e+00,2.208597999999999839e+00
6.952951460312197796e-01,-1.387025942568542280e+00,-3.640683557681572591e+00,2.208597999999999839e+00
6.961755902992394773e-01,-1.027527183218739371e+00,1.329290936183546323e+00,2.208597999999999839e+00
6.587359962758760901e+00,-4.521783983555597075e+00,1.322001522396703210e+00,2.193207000000000129e+00
1.634074080275654595e+01,-1.756596690665303662e+00,1.324729806123596587e+00,2.185470000000000024e+00
-8.691372446888317782e+00,-1.023523026506901523e+00,-3.454024569284363189e+00,2.185470000000000024e+00
1.210369492788491819e+01,5.791326456477009721e+00,-8.699159515009949883e-01,2.177706999999999837e+00
2.499029206497346323e+01,-1.379459651870196257e+00,-1.621243210341510199e+00,2.169915000000000038e+00
-8.510335433689906637e+00,7.802655545193835529e+00,1.346513601788520420e+00,2.162096000000000018e+00
8.792602192942556627e+00,6.408892606090844657e-01,-3.454831608670897225e+00,2.154247999999999941e+00
-4.108533783101008807e-01,2.844972092284217879e+00,-3.265026057389156300e+00,2.154247999999999941e+00
-2.948807940545347961e+01,-1.773974895945313879e+00,-6.901860305916527327e-01,2.146370999999999807e+00
2.959085379542841565e+01,4.618579421778102878e-01,-8.828268726615864370e-01,2.146370999999999807e+00
-2.451893011153520874e+01,-1.770118080293802798e+00,-1.611477749897564538e+00,2.130529999999999813e+00
-2.101910001656577975e+01,-6.742956824724812392e+00,1.323979899360221202e+00,2.130529999999999813e+00
-1.844428133026772088e+01,-3.975945080460112191e+00,-1.616576173447398679e+00,2.130529999999999813e+00
1.008422172699243546e+01,-4.336140890464221798e+00,1.321585296398533282e+00,2.130529999999999813e+00
-1.884243575677891913e+00,5.786226926815133176e+00,-1.603174834275920668e+00,2.130529999999999813e+00
-3.721690217693498504e+00,4.428567583357478910e-01,1.332767227941810129e+00,2.130529999999999813e+00
-2.948920756254106834e+01,6.189867788826919348e-01,-8.700949497005117106e-01,2.122565999999999953e+00
2.756735657574174780e+01,-1.931390210346890290e+00,-1.070591014516162787e+00,2.122565999999999953e+00
1.339683243401677259e+01,-5.065733096463689300e+00,-1.625177399861803762e+00,2.114571000000000200e+00
1.339384045045993332e+01,8.263985170675759440e-01,-3.087380420277493709e+00,2.114571000000000200e+00
1.045244861925876201e+01,-5.803910729921925693e+00,-1.257733316956591629e+00,2.114571000000000200e+00
-1.328504602777453192e+00,-2.860982084627971656e+00,-3.274706922481717353e+00,2.114571000000000200e+00
-1.182197508504566663e+01,5.040404440050789248e+00,1.342431833880316727e+00,2.106545999999999808e+00
-1.071838107689673159e+01,5.230052410131032836e+00,-1.602274195527917611e+00,2.106545999999999808e+00
4.926841336029647245e+00,2.295255989375030836e+00,-3.267103086252977739e+00,2.106545999999999808e+00
3.824350832391758104e+00,4.462951217521538561e-01,1.331181715585376901e+00,2.106545999999999808e+00
2.958939229313156716e+01,4.691174096479619138e+00,1.333093804529236648e+00,2.098489999999999966e+00
-6.665741524070099011e+00,-3.231831014144693093e+00,-3.090172787688274081e+00,2.098489999999999966e+00
2.534474349684691319e+00,3.208680203616607773e+00,4.788321883334653584e-02,2.098489999999999966e+00
-2.967019408678624615e+01,-5.090453015649344159e+00,1.328664146610081476e+00,2.090403999999999929e+00
1.155243076809744807e+01,4.867005274989330665e+00,1.337202089155879348e+00,2.090403999999999929e+00
-9.977444644150221364e+00,-5.260114836079959666e+00,-1.804634422588190290e+00,2.090403999999999929e+00
8.608380298093399219e+00,2.292474162055715858e+00,-6.911834225079543925e-01,2.090403999999999929e+00
-5.749249272988473436e+00,5.784147308334558701e+00,-1.418313022457800887e+00,2.090403999999999929e+00
-6.851426757344137641e+00,1.548912383333383103e+00,-5.051594298197628063e-01,2.090403999999999929e+00
3.459015292714590295e+00,-6.727662537930465092e+00,-1.073806711892779875e+00,2.082285999999999859e+00
2.701328034914346432e+01,2.301497424182830098e+00,-1.063148966341302959e+00,2.065954000000000068e+00
2.075416545051767869e+01,6.527643748699525794e+00,1.338135246211991092e+00,2.065954000000000068e+00
-9.607427884543607632e+00,-8.026104285852259324e+00,1.319352632246804546e+00,2.065954000000000068e+00
1.210617181244784746e+01,1.370316461659855989e+00,1.331034135256719209e+00,2.065954000000000068e+00
-9.612588060730329786e+00,1.184333618574008318e+00,-3.265959214445267822e+00,2.065954000000000068e+00
-8.690614614785378222e+00,-4.796550559362473543e-01,1.332218729567342219e+00,2.065954000000000068e+00
5.113360198029520909e+00,-3.042415107645922934e+00,-3.092329211859726090e+00,2.065954000000000068e+00
2.903975622676501800e+01,-8.305626503656434734e-01,1.323654121067549871e+00,2.057739000000000207e+00
-2.728110745000412862e+01,1.540877665467003776e+00,-1.237064826472630275e+00,2.057739000000000207e+00
-2.691112518010673327e+01,-2.508361631842245920e+00,-1.060099958170985568e+00,2.057739000000000207e+00
1.541689303997123162e+01,4.873543971191794277e+00,-1.424352807048439473e+00,2.057739000000000207e+00
-1.402957609741093670e+01,8.139030016595335537e-01,-3.081618436542755024e+00,2.057739000000000207e+00
-1.311094398059763222e+01,5.044913492249954778e+00,-1.602089994033486731e+00,2.057739000000000207e+00
4.004881399717872270e+00,8.176457606980449100e+00,1.344521018830416192e+00,2.057739000000000207e+00
8.426014230530018523e+00,-4.718558417465410493e-01,1.328622323669918392e+00,2.057739000000000207e+00
2.167733613868511711e+00,-2.865178902386251725e-01,-1.062387703517041038e+00,2.057739000000000207e+00
-2.746142877368618684e+01,-5.457546075825662868e+00,1.327563047003481378e+00,2.041211000000000109e+00
-1.292220145730406422e+01,-5.261775141959891045e+00,-1.619965965930364682e+00,2.041211000000000109e+00
-1.016116892889399281e+01,-4.529415472522785535e+00,1.325520586145964685e+00,2.041211000000000109e+00
3.437518846366326386e+01,3.589057289836469433e+00,1.330177218180883969e+00,2.032896000000000036e+00
-2.930460799725101850e+01,4.311998685846435420e-01,1.338142501145849428e+00,2.032896000000000036e+00
-9.060893250327550774e+00,4.305463556652473045e+00,1.340577674123735186e+00,2.032896000000000036e+00
9.529845461793602368e+00,-1.567687258929475247e+00,-3.274758850079326322e+00,2.032896000000000036e+00
-2.433427011808509732e+00,-4.726631585435074334e-01,-1.061739449553859904e+00,2.032896000000000036e+00
4.081856158276455915e+01,9.473357141097980827e-02,1.506821511484771836e+00,2.024547999999999792e+00
-4.053160576781539959e+01,4.257657488432706194e-01,1.524551154456433188e+00,2.024547999999999792e+00
3.934700172282285990e+01,-1.746432381571612735e+00,1.503945647429220767e+00,2.024547999999999792e+00
3.805680938446126049e+01,2.302070097213010591e+00,1.511223856331480375e+00,2.024547999999999792e+00
3.529874418724240570e+01,-3.588772410200527396e+00,1.501611177990582524e+00,2.024547999999999792e+00
-3.317129060397974172e+01,4.110110355656079406e+00,1.529374777630034599e+00,2.024547999999999792e+00
-2.948761361210142340e+01,-1.777796963552955800e+00,1.518408613167078647e+00,2.024547999999999792e+00
-2.709639143648151816e+01,1.352135239132315148e+00,1.523320785314173698e+00,2.024547999999999792e+00
-2.544203853177219443e+01,5.954127634231916488e+00,1.530935826637608743e+00,2.024547999999999792e+00
1.615388159615290675e+01,4.500683921470030491e+00,1.519647986529534034e+00,2.024547999999999792e+00
-1.550276421440085528e+01,4.670309273125699434e+00,1.526617927696617638e+00,2.024547999999999792e+00
1.431195930465177746e+01,7.628687286374602472e+00,1.525449592329936932e+00,2.024547999999999792e+00
-1.402466730791012672e+01,-7.844385786866550525e+00,1.504648980856092777e+00,2.024547999999999792e+00
1.339874923996074330e+01,-7.831890271458507691e+00,1.498886997121353648e+00,2.024547999999999792e+00
-1.421232048980864171e+01,6.965867843928745529e-02,1.518384149818219342e+00,2.024547999999999792e+00
1.431556251017424408e+01,-2.854420415408911449e-01,1.511753092711255464e+00,2.024547999999999792e+00
1.284509099117244268e+01,-4.519251163884746347e+00,1.504736427661700793e+00,2.024547999999999792e+00
-1.236964403916034705e+01,-4.714790034169046073e+00,1.509715835358764746e+00,2.024547999999999792e+00
7.870215278971258499e+00,6.525595439898160599e+00,-8.677524253026237533e-01,2.024547999999999792e+00
7.687088888994382252e+00,5.601123477254954963e+00,1.523337993729174666e+00,2.024547999999999792e+00
-6.665022507659692508e+00,-2.687645537650041661e+00,1.512020789119821185e+00,2.024547999999999792e+00
4.376750313199201159e+00,-1.205759066316732131e+00,-1.064444372099779823e+00,2.024547999999999792e+00
1.985735380768321789e+00,-3.603951525979296466e+00,1.508610634625136226e+00,2.024547999999999792e+00
-1.679199682292700402e+01,5.593791829867742926e+00,-6.801134028497807238e-01,2.016164999999999985e+00
-3.961035133782556272e+01,-1.782409402160032963e+00,1.520535519930312773e+00,1.999292999999999987e+00
-3.298612046945521570e+01,8.004875786242583446e-01,-3.168925156255690823e-01,1.999292999999999987e+00
-8.141986930168943815e+00,6.150518494056435692e+00,-1.049073812881807344e+00,1.999292999999999987e+00
2.793424024986094167e+01,1.929358248461447323e+00,1.512713715746752952e+00,1.990803000000000100e+00
-2.065197579198264322e+01,-5.451258107091438987e+00,-5.143629841894097332e-01,1.990803000000000100e+00
-1.586659143553930384e+01,-5.816540080232312171e+00,-8.841049188287591898e-01,1.990803000000000100e+00
-1.476476945935855767e+01,-1.395025911935401375e+00,-3.085286030091732190e+00,1.990803000000000100e+00
-6.668374326496245175e+00,4.674334674365266729e+00,1.524761718031728108e+00,1.990803000000000100e+00
-2.256265915659825538e-01,2.468675398965809009e+00,1.519585952543843543e+00,1.990803000000000100e+00
-1.327914361343168315e+00,-1.949015703455590609e+00,1.512173421777201821e+00,1.990803000000000100e+00
-2.248165082083243060e+00,-3.049591674328171909e+00,-8.821887268171230145e-01,1.982277000000000067e+00
-1.568253962212465780e+01,-4.716299559349101500e+00,1.510411913851778420e+00,1.973713999999999968e+00
-1.439980608103847359e+01,7.615604733143398697e+00,1.531482273373132363e+00,1.973713999999999968e+00
1.560592143920462860e+01,-4.702042931382877988e+00,1.503837838611894018e+00,1.973713999999999968e+00
4.748744510680038111e+00,-8.572029631288666351e+00,1.499430443167098614e+00,1.973713999999999968e+00
-1.332606907805399477e+00,8.357756793365515691e+00,1.530010722599998596e+00,1.973713999999999968e+00
1.616833615588459061e+00,-3.964256021939148944e+00,-3.093187078406619772e+00,1.973713999999999968e+00
-3.224701953694597734e+01,-4.723847186160682554e+00,1.513892306737070648e+00,1.965114000000000027e+00
2.940998988334832731e+01,-5.431951063575077399e+00,1.499663418662420256e+00,1.965114000000000027e+00
-2.175846749842151695e+01,-1.399805215855109086e+00,-2.163568929181039380e+00,1.965114000000000027e+00
2.075436385793977578e+01,5.242481867360345049e+00,-5.045896201726295383e-01,1.965114000000000027e+00
9.717921294457731562e+00,-8.201666932461204595e+00,1.499023370624680052e+00,1.965114000000000027e+00
-5.009749689262597450e+00,-1.210354559126278318e+00,-8.784234291082643198e-01,1.965114000000000027e+00
1.800929408206481730e+00,-3.047746699158731865e+00,-8.830394893963496861e-01,1.965114000000000027e+00
-2.046917474736534714e+01,-1.773687700157780878e+00,1.516513732638219647e+00,1.956476000000000104e+00
1.836185726039672517e+01,4.506786361004859742e+00,-1.425608590741252568e+00,1.956476000000000104e+00
-1.770742254906204138e+01,-3.981024225959797214e+00,1.512111387791511108e+00,1.956476000000000104e+00
1.689426844044067622e+01,-5.801612551831668796e+00,-8.909883624511811817e-01,1.956476000000000104e+00
1.505087480996531291e+01,-4.611926574460348816e-01,-3.089958121045202954e+00,1.956476000000000104e+00
1.100315886344921523e+01,-3.408148423799317150e+00,-2.910154009853779922e+00,1.956476000000000104e+00
1.173789626826688348e+01,8.215031822224015956e-01,-6.943890167476499675e-01,1.956476000000000104e+00
5.845718676717838846e+00,6.157529057522132199e+00,-1.420112251986246799e+00,1.956476000000000104e+00
-7.586233794607784020e+00,-1.763358246026884624e+00,-1.062886323992096260e+00,1.956476000000000104e+00
-3.350620442984385772e+00,-7.099183366149461882e+00,-8.889642104459150040e-01,1.956476000000000104e+00
7.321881124293464715e+00,-1.940615087561044616e+00,-1.066337200989694534e+00,1.956476000000000104e+00
-7.741689905541641048e-01,-6.729272870244421334e+00,-1.256966998342334607e+00,1.956476000000000104e+00
3.106479258171036051e+01,-2.667268665716460152e+00,-3.364019753749041275e-01,1.930331000000000019e+00
2.701549968399853796e+01,-1.383951759546720117e+00,1.507173653588943285e+00,1.930331000000000019e+00
-2.672669936850728334e+01,-2.144638436351148592e+00,1.517191500548346728e+00,1.930331000000000019e+00
1.928443209141900283e+01,-1.196099650979829176e+00,-2.724023208346741498e+00,1.930331000000000019e+00
-1.881487665850320568e+01,9.951352712308726423e-01,-2.712196025470809957e+00,1.930331000000000019e+00
1.818069081873934323e+01,-4.677296342843753063e-01,1.510622479367821125e+00,1.930331000000000019e+00
1.026269622369352597e+01,7.994940721351238011e+00,1.526937400526489075e+00,1.930331000000000019e+00
1.192026233583026240e+01,3.585833186024658392e+00,-2.714194762925522753e+00,1.930331000000000019e+00
-2.251515064336459648e+00,5.412545195959075350e+00,1.525107705849402695e+00,1.930331000000000019e+00
1.428057073060509941e-01,6.324886442588876223e-01,-8.763209856938893871e-01,1.930331000000000019e+00
-2.157700101816357119e+01,5.039144782429084479e+00,-4.960138046373939735e-01,1.921535999999999911e+00
-4.821843284550145547e+00,-8.576390482061967191e+00,1.501441336708089214e+00,1.921535999999999911e+00
-7.219351120488460616e+00,2.097390212325816350e+00,1.520418406480931406e+00,1.921535999999999911e+00
1.965451848347159114e+01,-4.879470077413566642e+00,-1.258074252445543273e+00,1.912700999999999985e+00
2.536131337041328848e+01,-6.354043565702095719e+00,1.498921565337770323e+00,1.903826000000000018e+00
2.277929692731339273e+01,4.140063638950302938e+00,-1.059074300249906786e+00,1.903826000000000018e+00
-1.200708258651873983e+01,6.515901276061736525e+00,-4.954765132983694476e-01,1.903826000000000018e+00
-1.090084943003198248e+01,3.200010193725215668e+00,1.523102966805020664e+00,1.903826000000000018e+00
6.400749305802537314e+00,8.319185395034373043e-02,-8.785913697180048887e-01,1.903826000000000018e+00
-1.918484809196773000e+01,7.061275192084389474e+00,1.531532149331797044e+00,1.894908999999999955e+00
-1.955244094627522955e+01,4.673241881600541880e+00,-1.233274114423329904e+00,1.894908999999999955e+00
1.652398364117688345e+01,-8.330802457892779733e-01,-5.142114519692788654e-01,1.894908999999999955e+00
1.596956423293633698e+01,3.219261245125629500e+00,-2.531632850809100610e+00,1.894908999999999955e+00
1.155598899420576409e+01,-2.863392853548495154e+00,1.507873833419097309e+00,1.894908999999999955e+00
-5.381702398094996731e+00,8.355911817740423686e+00,1.530861485389336973e+00,1.894908999999999955e+00
-7.957448343747961061e+00,4.312973855234872644e+00,-2.708744199002153241e+00,1.894908999999999955e+00
7.134633756422509521e+00,4.319850582067684464e+00,-2.711915223715019696e+00,1.894908999999999955e+00
-2.247325290790768815e+00,-3.789930069060057249e+00,1.509181544709518930e+00,1.894908999999999955e+00
-3.298511492407742196e+01,-1.408105884981292188e+00,-3.207147932607594676e-01,1.885949000000000098e+00
-2.065188399657100504e+01,-4.718563847574836601e+00,1.511456031801410749e+00,1.885949000000000098e+00
2.112459035104598826e+01,8.245061488810605521e-01,3.983664182874558507e-02,1.885949000000000098e+00
2.038702606327396794e+01,4.502612759250729013e+00,1.518758552876226409e+00,1.885949000000000098e+00
1.947214008916465389e+01,-7.276974692574733616e+00,1.498566422123596587e+00,1.885949000000000098e+00
-2.046993690636218233e+01,-1.033986317270682243e+00,-5.067570982624739484e-01,1.885949000000000098e+00
-1.219025762907642552e+01,3.574847196252322945e+00,-2.709128857893909004e+00,1.885949000000000098e+00
-1.200285583340856554e+01,-3.787049153151726522e+00,-2.721908457879897103e+00,1.885949000000000098e+00
1.008290565285387075e+01,-2.124999382940603532e+00,-1.469881884731100985e-01,1.885949000000000098e+00
4.742459850816788780e+00,5.231682266241642232e+00,1.523319683146288073e+00,1.885949000000000098e+00
3.308812837420560982e+01,-8.933479777584704684e-02,-5.164177523095074829e-01,1.876946999999999921e+00
-1.807736600326693122e+01,6.789756542545502538e-02,1.519196241533476543e+00,1.876946999999999921e+00
1.542113395640830120e+01,-4.696075188390820720e+00,-1.993064176266615473e+00,1.876946999999999921e+00
7.137746515316705676e+00,-2.856805902688528853e+00,-3.460535510311419038e+00,1.876946999999999921e+00
5.114330600670554006e+00,-3.050377747053059974e+00,1.508908795972230488e+00,1.876946999999999921e+00
2.902383549713148714e+00,1.926871102807135028e+00,-3.635414192622107521e+00,1.876946999999999921e+00
3.143097140253514610e+01,1.382625587958615343e+00,-6.975712465552118546e-01,1.858811999999999909e+00
-2.047196216068904917e+01,2.649870338577440254e+00,-2.156832116626328233e+00,1.858811999999999909e+00
-1.642311189381904057e+01,3.020451736647442154e+00,-2.525145272903766003e+00,1.858811999999999909e+00
-3.924401108914316438e+01,2.082798134370208221e+00,1.527147165807028584e+00,1.849677000000000016e+00
2.959173672976260150e+01,-1.562368311934221543e+00,-1.070379348772982242e+00,1.849677000000000016e+00
-2.028789002089208182e+01,4.300029437366751139e+00,1.526986327224207241e+00,1.849677000000000016e+00
1.836122138606545917e+01,7.262432850943919327e+00,1.523961782612860638e+00,1.849677000000000016e+00
1.799479834182096383e+01,3.581275020169405465e+00,1.517668660094957600e+00,1.849677000000000016e+00
-1.807686506693372763e+01,-2.136556324648456684e+00,-8.772704019040553636e-01,1.849677000000000016e+00
1.707307811847908852e+01,5.793272238780350136e+00,-6.869103491376530313e-01,1.849677000000000016e+00
-1.623708264207485641e+01,-4.795898576674048619e-01,-6.907406815219812035e-01,1.849677000000000016e+00
-1.513540793018044539e+01,4.859941299137347848e+00,-1.601983136207742353e+00,1.849677000000000016e+00
1.284349704073279952e+01,-2.122467421449099501e+00,-8.837671352058893426e-01,1.849677000000000016e+00
-1.181984321870833732e+01,-6.613083566531149371e-01,-8.760370301312693231e-01,1.849677000000000016e+00
6.956083464009113371e+00,-6.910437359631064425e+00,-8.908112647143053842e-01,1.849677000000000016e+00
1.067832769615041366e+00,-8.757756586991302328e+00,1.499885340239349718e+00,1.849677000000000016e+00
-2.250556334956152149e+00,2.287526273459254078e+00,-6.889018316585073798e-01,1.849677000000000016e+00
-3.795327816171709401e+01,-3.070320082594433675e+00,1.702007537744941512e+00,1.840497999999999967e+00
-3.593174705361622756e+01,3.556384796031570428e+00,1.713048992717115748e+00,1.840497999999999967e+00
-3.519202873678560906e+01,-4.173358376596080888e+00,1.699516334311782284e+00,1.840497999999999967e+00
-3.316982726464426889e+01,9.809498596278126703e-01,1.708009602463193444e+00,1.840497999999999967e+00
-3.280080556071050779e+01,-1.043427173453554513e+00,1.704428504518129550e+00,1.840497999999999967e+00
3.290487937251892703e+01,-8.294385491965980961e-01,1.690941469978241019e+00,1.840497999999999967e+00
3.124910194462197666e+01,-2.302588954190326387e+00,1.688741324134620969e+00,1.840497999999999967e+00
3.124759362632764237e+01,1.010301741217197735e+00,1.694474741452724587e+00,1.840497999999999967e+00
2.793251936102851474e+01,5.794079553846776420e+00,1.703452424084605177e+00,1.840497999999999967e+00
-2.544180130820227603e+01,4.668647246970342835e+00,-1.277393194340377680e-01,1.840497999999999967e+00
2.499099075500154754e+01,-1.385192753281659028e+00,1.691648755296586204e+00,1.840497999999999967e+00
-2.359572005990890275e+01,-6.744767912215922756e+00,1.692620734603082377e+00,1.840497999999999967e+00
2.333705682764680844e+01,-6.907432674883172474e+00,1.682441097859162848e+00,1.840497999999999967e+00
-2.304968719860951154e+01,6.691097162546435939e+00,1.715756915952814543e+00,1.840497999999999967e+00
-2.323165828836733837e+01,2.562877377922774258e-01,-2.344442572662535973e+00,1.840497999999999967e+00
2.241534276802654801e+01,-4.878849149725883017e+00,-8.905558772989569105e-01,1.840497999999999967e+00
1.965480435895614875e+01,-4.148367345779996107e+00,1.687992366842304026e+00,1.840497999999999967e+00
-1.734280318921206998e+01,3.748904615955758413e+00,1.709461742006079366e+00,1.840497999999999967e+00
1.597079218574051218e+01,2.475736794632478421e+00,1.700232622119687509e+00,1.840497999999999967e+00
-1.568585262481338916e+01,2.645362146743813092e+00,1.707202563076659185e+00,1.840497999999999967e+00
1.007899191835973518e+01,5.791677990623496974e+00,-1.605688451359742919e+00,1.840497999999999967e+00
-1.053258372182873259e+01,1.731921850075658353e+00,-8.721669262356103181e-01,1.840497999999999967e+00
7.320117092419325289e+00,3.207994077204430639e+00,1.703324254986195330e+00,1.840497999999999967e+00
-4.644541924350778395e+00,6.331384003959180440e+00,1.711252765609084570e+00,1.840497999999999967e+00
-3.908739177931440434e+00,5.418160544894756292e+00,-2.155534661169655308e+00,1.840497999999999967e+00
1.434882198485756044e+00,-6.365264198785565597e+00,1.687998519608276515e+00,1.840497999999999967e+00
-1.142149658945748714e+00,-5.630240452774386561e+00,1.689814006560141024e+00,1.840497999999999967e+00
3.345878900799316114e+01,-4.694226772670529790e+00,1.684136468731119329e+00,1.831272000000000011e+00
2.756839477424541940e+01,-3.956890484687415555e+00,-5.219466093726218281e-01,1.831272000000000011e+00
2.572839361558215643e+01,-4.878613648235401890e+00,-1.550530745400733323e-01,1.831272000000000011e+00
2.259673494263847005e+01,2.771695047575360449e-01,-2.354071659393043525e+00,1.831272000000000011e+00
1.763025661381134768e+01,-4.149289833592542109e+00,1.688417748236973326e+00,1.831272000000000011e+00
-1.090034416680488683e+01,-2.880130498064624178e-01,-3.636336144583523833e+00,1.831272000000000011e+00
5.114882679439849866e+00,-5.621974531692072397e+00,-1.440343053812957796e+00,1.831272000000000011e+00
1.434919178050240607e+00,-7.465739362979896931e+00,-5.225072638333675412e-01,1.831272000000000011e+00
6.031599827347821297e+00,2.475348792166695677e+00,-6.903235062628647611e-01,1.831272000000000011e+00
-4.116198642008250252e-01,4.868242828629069763e+00,-2.525324420338837861e+00,1.831272000000000011e+00
2.902419876005701838e+00,4.310277608616049250e+00,1.706163497665861506e+00,1.831272000000000011e+00
-3.170246976866367028e+00,-4.679025189662160966e-01,-4.006377290479794517e+00,1.831272000000000011e+00
4.008147974131585300e+01,2.118624373803101424e+00,1.694529671680860217e+00,1.822000000000000064e+00
2.259809166996348040e+01,-8.341348504149340704e-01,1.693107047815556321e+00,1.822000000000000064e+00
1.854735641344752395e+01,6.443784562264632809e-01,-2.904732012347046144e+00,1.822000000000000064e+00
-1.605199630311231118e+01,-3.605162929399149174e+00,-2.536689451208659740e+00,1.822000000000000064e+00
-4.829476671888738970e+00,7.255369735457475322e+00,-4.957105909615768802e-01,1.822000000000000064e+00
4.188962192847349719e+00,7.259478998852650022e+00,-4.976054714904358245e-01,1.822000000000000064e+00
-3.350579790253228385e+00,-5.999345213799903931e+00,1.689641013621677512e+00,1.822000000000000064e+00
3.453251895322480003e+00,5.421515045699902835e+00,-2.157081502452007360e+00,1.822000000000000064e+00
-4.091471243585588446e+00,4.307090833033420552e+00,1.707632996800051206e+00,1.822000000000000064e+00
1.249765697163145672e+00,-5.806511328046932263e+00,-2.176047366920042414e+00,1.822000000000000064e+00
-2.063336293072926875e+00,-5.439602936704456937e+00,-2.358763961602153625e+00,1.822000000000000064e+00
3.087391602652846068e+00,2.285817712921820011e+00,1.702621072525514867e+00,1.822000000000000064e+00
2.609344611590269025e+01,2.664398938539631612e+00,1.698424238925378305e+00,1.812680000000000069e+00
2.369895491655301711e+01,6.712398242112338487e+00,1.705934474062013040e+00,1.812680000000000069e+00
-2.212801379126513979e+01,3.562674485041220862e+00,1.710148665312705596e+00,1.812680000000000069e+00
-1.844190673127664581e+01,-7.662667287880839950e+00,1.689945329465380341e+00,1.812680000000000069e+00
1.339222984659374127e+01,4.873576999871540139e+00,-1.976075586804324713e+00,1.812680000000000069e+00
-1.310928039746762508e+01,1.730747774884987100e+00,-8.716255318288094189e-01,1.812680000000000069e+00
-1.016276287912273624e+01,-2.132631731817679288e+00,-1.062981976723145205e+00,1.812680000000000069e+00
6.215744089656949356e+00,8.244019008327218012e-01,-3.822070131322639508e+00,1.812680000000000069e+00
-4.641187615658957988e+00,-3.414321219787422201e+00,-3.459016133277816873e+00,1.812680000000000069e+00
-3.907792774839403904e+00,2.659966011037629308e+00,-3.632709272016935387e+00,1.812680000000000069e+00
-2.709786277521136810e+01,3.564550770345521702e+00,-6.814515808093670746e-01,1.803312000000000026e+00
2.536043043628999882e+01,-4.329817313320590166e+00,1.686475041447645706e+00,1.803312000000000026e+00
2.204753485332568985e+01,-4.331326838500645593e+00,1.687171119940659603e+00,1.803312000000000026e+00
-4.218751197023317445e+01,-6.796047514711240911e-01,1.707037774333000524e+00,1.784429000000000043e+00
3.805936206473649719e+01,-3.219733567720867828e+00,1.685717879960524135e+00,1.784429000000000043e+00
-3.611493442291750000e+01,9.821561048632315716e-01,2.362315765128427947e-01,1.784429000000000043e+00
2.664619826784655743e+01,-2.740901515541978584e-01,-1.803729831948714057e+00,1.784429000000000043e+00
-2.470370492152623854e+01,1.352906946244985420e+00,1.706867782084316110e+00,1.784429000000000043e+00
-2.212608649561623508e+01,-6.704637368682286880e-01,1.702822631880613669e+00,1.784429000000000043e+00
2.075625417402419615e+01,2.109818809645241711e+00,1.698590129836922591e+00,1.784429000000000043e+00
-2.028692945492843691e+01,2.275167173138868737e+00,1.707532293470915619e+00,1.784429000000000043e+00
1.100119642460826341e+01,3.025621622306942538e+00,1.702232310776094604e+00,1.784429000000000043e+00
-8.137177935929434724e+00,-4.157208518802914199e+00,-5.147629510335254288e-01,1.784429000000000043e+00
-5.562360739942087129e+00,9.935292376471138720e-01,1.702208947654373361e+00,1.784429000000000043e+00
-2.672599818862393306e+01,-4.534096549493905393e+00,-3.274445037885512222e-01,1.774912000000000045e+00
-2.378529521101781441e+01,4.118846421995660201e+00,-1.049290529433186459e+00,1.774912000000000045e+00
1.707708613824013000e+01,-3.774435886998443568e+00,-2.359919040235194831e+00,1.774912000000000045e+00
1.523446266685563799e+01,1.743025591048885659e+00,-5.094814300978941501e-01,1.774912000000000045e+00
-1.494977816578110286e+01,1.729909149683700242e+00,-8.712388215082214060e-01,1.774912000000000045e+00
-1.347792626687762230e+01,4.118765139114063167e+00,1.709286697638783714e+00,1.774912000000000045e+00
-4.459656829393540356e+00,3.390816154839026542e+00,-6.865266412374798621e-01,1.774912000000000045e+00
-5.009122468508214077e+00,-1.398862343880372672e+00,1.697952133438126232e+00,1.774912000000000045e+00
-1.329497821866976626e+00,-1.019213009665114189e+00,-4.007719571507156964e+00,1.774912000000000045e+00
-8.692376156138063692e+00,2.285228095368997625e+00,-1.055646786163917827e+00,1.755722999999999923e+00
-2.857067773063343097e+01,5.584284055140602554e+00,1.715005907231665239e+00,1.746050000000000102e+00
-2.672806842257584847e+01,-6.665086925375892646e-01,-1.793152278268987043e+00,1.746050000000000102e+00
2.314967784842742304e+01,-1.379342761034842768e+00,-2.173004660961364465e+00,1.746050000000000102e+00
2.094212448843220642e+01,-3.589262080984987335e+00,-1.992313167545466390e+00,1.746050000000000102e+00
-1.218387933676291368e+01,-8.396014783487842692e+00,1.687356420141703950e+00,1.746050000000000102e+00
-1.403041837901396782e+01,3.937967408121124002e+00,-3.154607363637660367e-01,1.746050000000000102e+00
1.266158076636685870e+01,-6.724106422493928648e+00,-7.076418226581396853e-01,1.746050000000000102e+00
1.320937516922981381e+01,3.946875499232659124e+00,1.703360874421332438e+00,1.746050000000000102e+00
-1.292330928825371572e+01,-2.318893890957915094e+00,-5.105722721401092512e-01,1.746050000000000102e+00
-1.144918442129322855e+01,-6.366356991550291333e+00,-1.070037312846780830e+00,1.746050000000000102e+00
9.533064179215427814e+00,-7.278318212807696419e+00,-3.398405453200332160e-01,1.746050000000000102e+00
-9.797312728040726171e+00,3.940214751824216766e+00,-5.003998903300481693e-01,1.746050000000000102e+00
9.527963145558848268e+00,2.481719763602292517e+00,-3.451801060529133380e+00,1.746050000000000102e+00
-8.137147119631279679e+00,-5.074270989541970422e+00,-2.356850770280296103e+00,1.746050000000000102e+00
-1.140641340651414870e+00,-8.943131148181910461e+00,1.684080589242037185e+00,1.746050000000000102e+00
3.085631898127885631e+00,6.150856524231132383e+00,1.709310058819756950e+00,1.746050000000000102e+00
-1.883346478227709841e+00,4.495331944064490770e+00,-1.330077350224445620e-01,1.746050000000000102e+00
4.137158828411549649e+01,-1.745828399681460530e+00,1.687569986347525530e+00,1.736321999999999921e+00
3.658386381793502551e+01,3.589426628415486764e+00,1.697812606338082064e+00,1.736321999999999921e+00
3.455993345711161879e+01,1.383095732760231567e+00,-1.460794930352214138e-01,1.736321999999999921e+00
2.572658893097685961e+01,-8.298426358194845864e-01,3.600315736822370938e-02,1.736321999999999921e+00
-2.488892803485928340e+01,3.929515957839413876e+00,1.711365777931437515e+00,1.736321999999999921e+00
-2.396524537288737022e+01,-4.716251305147250328e+00,-6.964425334643067345e-01,1.736321999999999921e+00
2.333228048607789162e+01,3.583388527239613097e+00,1.700596920520248689e+00,1.736321999999999921e+00
-2.212871248129322410e+01,3.568407586452683855e+00,-1.602743300325390807e+00,1.736321999999999921e+00
-2.102122322911532493e+01,-3.608382734936413261e+00,-1.983496172530216040e+00,1.736321999999999921e+00
2.057097008157765572e+01,3.036671090983997789e+00,-2.164818709553546494e+00,1.736321999999999921e+00
1.762731577247969739e+01,1.375698887104177759e+00,-3.265714785248531316e-01,1.736321999999999921e+00
-1.715833707160940236e+01,1.728584293337502187e+00,-6.867250487264967562e-01,1.736321999999999921e+00
1.357890113593550652e+01,-1.565523777837641406e+00,-3.459659332971527057e+00,1.736321999999999921e+00
-1.053505693322498971e+01,8.353245161436687383e+00,1.715993994515912613e+00,1.736321999999999921e+00
-1.292468450513332279e+01,-6.573524536874773005e-01,-3.452498088493205497e+00,1.736321999999999921e+00
9.532988383503122165e+00,-6.177524542690972176e+00,1.686615517808636611e+00,1.736321999999999921e+00
-8.141320893477638876e+00,5.961692205110487919e+00,1.711350469979077582e+00,1.736321999999999921e+00
9.898992450393034659e+00,-1.576119185414532442e+00,1.694501256440527959e+00,1.736321999999999921e+00
2.348470587800202569e+00,7.075227680196088720e+00,-8.656367253647211379e-01,1.736321999999999921e+00
