-5.047776757287339677e+01,-2.750053476583295797e+00,2.590231239192804513e-01,4.474210000000000131e-01
-4.933022883627853616e+01,-2.747643013838679149e+00,1.172031996795482867e+00,5.848139999999999450e-01
4.553591161769818996e+01,-2.745558329898531547e+00,-3.236279503059126039e+00,5.237669999999999826e-01
-4.980864196767070240e+01,-2.782451205611184974e+00,-1.123852279870937831e+00,4.561790000000000012e-01
-5.034232881057356934e+01,-2.782380870070845447e+00,4.759612136545666727e-01,4.997909999999999853e-01
-4.983199118201038402e+01,-2.783091727503838264e+00,1.062694934098704191e+00,4.992210000000000258e-01
-4.904289186197170380e+01,-2.782574344226674601e+00,1.615522559493858923e+00,4.998839999999999950e-01
-5.047260046921315535e+01,-2.782456805757758556e+00,1.013977096590837432e-03,4.993819999999999926e-01
-5.029742091290843575e+01,-2.765346983767432487e+00,-5.968892212326570856e-01,4.627569999999999739e-01
-5.047201990882170719e+01,-2.784791090065342090e+00,-1.252126337562872171e-01,4.891070000000000140e-01
-5.344001130791456333e+00,-3.524596812473270280e+00,-2.343077922047600126e+00,8.207160999999999262e+00
-4.947257232209116751e+01,-2.737908770932123037e+00,1.389361278864745364e+00,4.387579999999999814e-01
-4.924608489469615336e+01,-2.790508928191973048e+00,1.636931651593839687e+00,3.751789999999999847e-01
-5.026980634271855308e+01,-2.781923893335477960e+00,-5.780388370349450744e-01,5.000019999999999465e-01
2.712918235256308463e+01,-4.492469289910517638e+00,-4.097666792466510624e-03,7.994701000000000057e+00
-5.039149006336830894e+01,-2.782161845370118236e+00,-3.613759328389129499e-01,4.996920000000000250e-01
-4.841384722416766806e+01,-2.782453134568855901e+00,-1.951082320093487033e+00,4.991709999999999758e-01
-7.444908660134840872e+00,-2.474093989857963027e+00,1.000100524428705917e+01,9.102479999999999460e-01
-4.851271585062652036e+01,-2.941167865788433033e+00,2.335262154793948497e+00,9.440700000000000480e-02
-4.780835046980910619e+01,-2.865607726900913921e+00,-2.285334392419642757e+00,4.101830000000000198e-01
3.525179689073056721e+01,-3.907060905381900540e+00,-1.047011736426090245e+00,5.405351999999999713e+00
-4.881961856012082279e+01,-2.781747139063212693e+00,-1.730652287114463839e+00,4.999250000000000083e-01
-1.055300964976690015e+00,-3.378322524737437327e+00,-2.896252778692995467e+00,7.752200000000000202e+00
3.066540550299570000e+01,-1.964297155173242215e+00,6.797579560129094034e+00,1.473411000000000026e+00
-4.954216508612830694e+01,-2.780521813388726393e+00,-1.267920006631995999e+00,5.012769999999999726e-01
-5.046502814911192303e+01,-2.779794360233569961e+00,1.259668643185867520e-01,4.973170000000000091e-01
-4.918012610013852992e+01,-2.782510258907110678e+00,1.531657052586391732e+00,4.997429999999999928e-01
-4.971129763374884902e+01,-2.782503042767758394e+00,1.169964220310191427e+00,4.931269999999999820e-01
-5.004793237108390258e+01,-2.778012244485175586e+00,8.766693364762714324e-01,4.884850000000000025e-01
-4.921885964759240295e+01,-2.778499143888204959e+00,-1.497953296581946647e+00,4.937270000000000270e-01
-1.851684727155380372e+01,-2.116806654754768147e+00,8.498203948670248309e+00,1.560721000000000025e+00
-4.943869528987771389e+01,-2.758449020574082144e+00,-1.406152977077619326e+00,4.454339999999999966e-01
-5.012513511455014736e+01,-2.782245746720581447e+00,7.782209200435581398e-01,4.999219999999999775e-01
-2.192734796612577597e+01,-2.795807021331843334e+00,-8.910341501100029760e+00,4.627040000000000042e-01
1.930429214723693931e+01,-4.016878625984162454e+00,-1.156930053640972123e+00,8.277955999999999648e+00
-5.054782065752713294e+01,-2.733623165545711053e+00,4.283758801256811743e-01,3.286740000000000217e-01
-5.027757535993964666e+01,-2.782072011374543852e+00,5.822879290195401847e-01,4.998110000000000053e-01
-1.913911701796148890e+01,-2.512762854908527910e+00,6.238186755555885199e+00,3.507785000000000153e+00
-4.433137445862028159e+01,-2.796171233320067451e+00,3.678024605004016845e+00,4.709050000000000180e-01
-2.681554679940392205e+01,-3.405640857123221732e+00,2.618633436159191419e+00,5.657187000000000410e+00
7.093708732334067513e+00,-3.042491117307757786e+00,3.587646029510046297e+00,6.834920000000000329e+00
3.809787656388040489e+01,-4.411388260426461372e+00,-1.386840486728803667e-01,5.542809000000000097e+00
-4.862530945937669458e+01,-2.782855558850892308e+00,1.853779481261744744e+00,4.995999999999999885e-01
-4.880365837700541931e+01,-2.772707131602304642e+00,1.771434387983251924e+00,4.838680000000000203e-01
-1.416643650772721363e+00,-4.678876068077239658e+00,-1.333124685172553392e-01,1.060882900000000006e+01
7.417395834107260555e+00,-2.625051761688534491e+00,5.308059594486765675e+00,5.122804999999999609e+00
-4.998657806264021985e+01,-2.838178452629567694e+00,9.920111444078483220e-01,4.248120000000000229e-01
1.132151386112590252e+01,-4.877249805577789310e+00,-7.406747164651487914e-02,1.041729400000000005e+01
-4.835435947480566909e+01,-2.809508572173328833e+00,2.021093594198439369e+00,4.653010000000000201e-01
-4.969059072767264240e+01,-2.781855175292612614e+00,-1.162236737113182095e+00,4.999370000000000203e-01
-4.890478985376989129e+01,-2.782562889942689299e+00,1.697033998871558591e+00,4.999029999999999863e-01
-4.863492837528841761e+01,-2.764079441378471280e+00,-1.874351273523875205e+00,4.597550000000000248e-01
-4.903001276520557639e+01,-2.771169610576209141e+00,-1.632763125616039757e+00,4.763049999999999784e-01
-3.354131543500042767e+01,-2.926522845660701755e+00,-4.942222297026341415e+00,2.125830000000000108e+00
-3.416793446969314374e+01,-2.772948904558717231e+00,6.615288799001995734e+00,4.741489999999999871e-01
-5.033535404406800495e+01,-2.782061472564610671e+00,-4.731754271687755309e-01,4.998739999999999850e-01
-1.961656024445287727e+01,-2.939271675902316971e+00,-7.320811226933228610e+00,2.313131999999999966e+00
-4.901931216993547480e+01,-2.781925055288573922e+00,-1.614663709025869309e+00,4.997389999999999888e-01
-4.986909930495885135e+01,-2.782425737503513741e+00,-1.015311331522390725e+00,4.993989999999999818e-01
-4.865629589252579024e+01,-2.859966761088478915e+00,-1.913924756917945835e+00,3.872079999999999966e-01
-2.454051173963444299e+01,-2.684955644791211959e+00,-8.336663682273135478e+00,6.600150000000000183e-01
5.031878310738952820e+01,-2.774845496979485127e+00,-4.983331397786081585e-01,4.961079999999999934e-01
-3.689372091375319940e+01,-2.848059712391564080e+00,6.013123849318609437e+00,3.696039999999999881e-01
4.699792426778097365e+01,-2.857390902125429122e+00,2.724326739112888252e+00,3.740410000000000124e-01
-4.931784719326196864e+01,-2.777756321810963769e+00,1.448456697965937456e+00,4.933699999999999752e-01
-5.012744372777227397e+01,-2.795773011131692520e+00,-7.831620896220852224e-01,4.793520000000000003e-01
-4.774351441951093022e+01,-3.465766441245572871e+00,-5.345702362092739218e-02,1.997975000000000056e+00
4.470441830321618681e+01,-2.578681056828565854e+00,-3.359925529301226454e+00,7.419750000000000512e-01
-3.855495732136852638e+01,-3.713483474391908956e+00,1.333642079056075236e+00,4.291371999999999964e+00
-4.919957416831990571e+01,-2.917263577292225296e+00,-3.594908324170999481e-01,1.002104000000000106e+00
-4.800053755854092685e+01,-2.781693386063476492e+00,-2.158230747965179219e+00,4.998949999999999783e-01
-3.180215063451938562e+01,-2.850985833265413660e+00,4.010830942245893205e+00,3.263570000000000082e+00
3.238236043831177025e+00,-2.145227358961224517e+00,-1.000130838190494487e+01,1.254143999999999926e+00
-4.957967063604576907e+01,-2.782621855751393980e+00,1.261571265389409557e+00,4.996849999999999903e-01
1.077691215891584697e+01,-4.444351210256320961e+00,5.870309927811577788e-01,9.827076999999999174e+00
-4.513213705240610807e+01,-4.106118509336505795e+00,-2.037393484213442796e-01,3.349963999999999942e+00
-6.750749299482163401e+00,-2.740033326527241186e+00,-5.534340077414742431e+00,4.990637000000000434e+00
-4.876539004818633316e+01,-2.782767980833027455e+00,1.776520259703190163e+00,4.997050000000000103e-01
-5.044565112503597248e+01,-2.898583562808041414e+00,2.485579905051249761e-01,3.833059999999999801e-01
-4.820794651114155016e+01,-2.781815949842264324e+00,-2.055920399396566456e+00,4.997800000000000020e-01
-5.042677603477549297e+01,-2.814345227226622281e+00,3.774169783528082411e-01,4.539090000000000069e-01
-3.204852258524250885e+01,-4.513955253481220176e+00,-4.751956247634828157e-01,6.904841000000000228e+00
-4.786864278490848079e+01,-3.122810346404345072e+00,-4.524299803049403601e-01,1.588122999999999951e+00
-4.371115881903977396e+01,-3.731797890803585371e+00,3.919422557205939212e-02,3.422162999999999844e+00
3.353158250735036816e+00,-3.609114028789121242e+00,2.286352989822003856e+00,8.366265999999999536e+00
1.696330202768452722e+01,-2.837415886792147734e+00,9.540288012295635056e+00,4.493389999999999884e-01
-4.794784724201583970e+01,-2.939206676097378956e+00,7.734290778877783712e-01,1.318751000000000007e+00
-1.250797628353419633e+01,-2.710736037050851976e+00,-9.875470778058472732e+00,5.872230000000000505e-01
-2.331683167105985532e+01,-4.373654821209064458e+00,-5.007833128855897487e-01,8.380504999999999427e+00
-4.798041043446249176e+01,-2.670296813964160965e+00,-2.654682507809834835e+00,4.755800000000000305e-02
-2.427777986352224815e+01,-4.582357894521074115e+00,3.884999627703577540e-01,8.476433999999999358e+00
-4.668443494653813275e+01,-2.854925923767893448e+00,2.645020879648124268e+00,6.028520000000000545e-01
1.625092135382710268e+01,-3.637658112000907273e+00,1.813246285245343259e+00,7.897585000000000299e+00
-5.044133695560034170e+01,-2.780710566483953983e+00,-2.485516908587285523e-01,4.917480000000000184e-01
-4.814814036978278011e+01,-2.712369980718460916e+00,-1.720391909082812143e+00,6.564969999999999972e-01
4.939099122151203858e+01,-2.770044697080421336e+00,1.344555189211027679e+00,5.154290000000000260e-01
-4.781622224596883797e+01,-2.813323600815372139e+00,-2.302280307017628314e+00,4.403770000000000184e-01
4.589137921498961958e+01,-2.793321426668513574e+00,3.150484538711383564e+00,4.265530000000000155e-01
-5.928118670671320700e-01,-2.814395030365304251e+00,-9.619769625978047856e+00,1.321673000000000098e+00
4.080972486343775785e+01,-3.068261784098520017e+00,3.154009970245170713e+00,1.976264000000000021e+00
9.255959859414833346e+00,-4.577257771993653357e+00,1.387900847297783846e-01,1.023279699999999970e+01
4.246013145816221623e+01,-2.794443017824275177e+00,-3.911324898549096485e+00,8.435559999999999725e-01
2.727702855870676402e+01,-2.600590933019056195e+00,7.916180597465396929e+00,6.925219999999999709e-01
3.213099391460405485e+01,-3.799563973120318572e+00,-1.309518868596348806e+00,5.848951999999999707e+00
-4.951177047695102829e+01,-2.781087479639276605e+00,1.446154962800251909e+00,3.888699999999999934e-01
4.858292877403422949e+01,-2.594355239529579471e+00,1.604854949050896984e+00,7.784450000000000536e-01
-5.012544883812120844e+01,-2.758220290929350504e+00,-9.434764472906417287e-01,3.742090000000000138e-01
1.091565486542099173e+01,-2.723851745560367021e+00,9.794144834156067958e+00,7.724250000000000282e-01
4.158922597593865333e+01,-2.741581745545566218e+00,-4.108567905968951273e+00,9.252860000000000529e-01
-6.478349193930530880e+00,-4.425293400752489781e+00,3.570634842648294227e-01,1.018265000000000065e+01
4.089442214378958163e+00,-3.613058701584368038e+00,-2.426533418864219360e+00,8.233264000000000138e+00
1.288718825248112410e+01,-4.618985346984174178e+00,2.312635599023995514e-01,9.976518999999999693e+00
-4.309923060951976481e+01,-2.766424463367322950e+00,-3.892173671583676331e+00,6.515320000000000000e-01
1.126319343643198323e+01,-2.804950726090926771e+00,-1.008717605078463464e+01,4.500830000000000108e-01
-3.002560588321866675e+01,-2.596917222035237671e+00,7.170833364499936913e+00,8.508339999999999792e-01
5.048500760549435284e+01,-2.765920330514451742e+00,3.297336605294155509e-01,4.236509999999999998e-01
1.434748846987617377e+01,-2.705385928573026622e+00,9.338847053650802366e+00,9.042419999999999902e-01
-4.941140173899507460e+01,-2.781567939591056859e+00,-1.366008101268831432e+00,4.993440000000000101e-01
-9.205099936949739714e+00,-3.530982256644541906e+00,-1.535615117817029862e+00,8.627938999999999581e+00
-2.014039711010956468e-02,-4.106674373294469049e+00,-1.247754934315965070e+00,9.524267000000000039e+00
-4.944886150849543327e+01,-2.784341031346426298e+00,1.354777013982480627e+00,4.980530000000000235e-01
9.866970407901867191e+00,-4.581153719472773389e+00,-1.603718629972324672e-01,1.018657900000000005e+01
2.064557166861515469e+01,-2.637689534027424010e+00,8.656985303250786856e+00,9.212660000000000293e-01
3.773991419851665086e+01,-2.798963109664140525e+00,5.666070022990208344e+00,4.974629999999999885e-01
4.783323164560167129e+01,-2.750010740806778653e+00,-2.105404184058554673e+00,6.242100000000000426e-01
1.816709101637216150e+01,-4.116954896621074056e+00,1.648323179151085949e+00,8.105242000000000502e+00
1.457095749127945972e+01,-2.779066328030951105e+00,-9.623000866768911976e+00,6.331609999999999738e-01
1.535077662066360027e+01,-3.928331528628371760e+00,1.001028229014070403e+00,8.753175999999999846e+00
-4.214339705038076289e+01,-2.881505941681639982e+00,3.544138576277005459e+00,1.224166000000000087e+00
-3.878358187559543069e+01,-2.618469161853670624e+00,-5.305124807545689158e+00,6.650909999999999878e-01
2.104831991613972164e+01,-4.684986693548126802e+00,-2.582467206246121319e-02,9.148049999999999571e+00
3.555597690387438092e+01,-3.089624513584821486e+00,-3.142798181810870339e+00,3.285447000000000006e+00
2.134460912470906990e+01,-2.785496385930529506e+00,4.096157679344222480e+00,4.948864999999999625e+00
4.530334826778852886e+01,-2.707133971714901666e+00,2.647519582316413711e+00,1.106845000000000079e+00
4.789657713225558666e+01,-3.019843567240264814e+00,1.702506172856443900e+00,1.000472999999999946e+00
4.529681580570806432e+01,-3.241119968899910830e+00,-1.122876650239993390e+00,2.214840999999999838e+00
-5.011968464175158289e+01,-2.775236909299851007e+00,-7.756600153972135203e-01,4.919780000000000264e-01
2.349621795620269182e+01,-3.799547996768724900e+00,-2.672729701852639472e+00,6.356018999999999863e+00
3.469676783585936164e+01,-4.160713851089655080e+00,5.640011031517223605e-01,5.991787999999999670e+00
5.708277739541244067e+00,-2.410604978503782636e+00,9.504803121750002859e+00,1.418735000000000079e+00
1.884438967145355193e+01,-2.725310927572007103e+00,-9.203138979758401561e+00,6.007360000000000477e-01
5.037704651434797398e+01,-2.780535037404662457e+00,-2.794371958204226458e-01,5.289639999999999898e-01
2.763613658687837216e+01,-2.493602664487992726e+00,7.460216502184390919e+00,1.049201000000000050e+00
-4.230880956601877330e+01,-3.547205564051879367e+00,-1.995620124864087686e+00,2.748803999999999803e+00
-4.793501977960995220e+01,-2.968426196896753577e+00,-7.030331113153492906e-01,1.365461000000000036e+00
3.807202515889001404e+01,-2.304089421010686589e+00,4.348301897041109143e+00,1.771254000000000106e+00
-2.310743615542986618e+01,-2.783371025807179322e+00,8.665833921581286958e+00,5.360770000000000257e-01
4.892415344437561231e+01,-2.842505821510779018e+00,1.450999986573831002e+00,6.872549999999999493e-01
-4.415939036416501295e+01,-2.714887385855048407e+00,-3.399737377655172033e+00,7.859779999999999545e-01
2.864380764458235973e+00,-4.187277525017542246e+00,-5.808162452779822571e-01,9.965289999999999537e+00
-5.044276019570222047e+01,-2.786685675077148705e+00,2.488390580268100283e-01,4.931039999999999868e-01
-4.631942446965123139e+01,-2.813946258049589311e+00,-2.721889500064728296e+00,6.391250000000000542e-01
2.002181742485672444e+01,-3.219071437207794872e+00,-3.022697717677257589e+00,6.263143999999999600e+00
-4.861768252749559593e+01,-2.781620276633114397e+00,-1.842328097362288863e+00,5.000609999999999777e-01
-2.702475203161022321e+01,-2.661684457304441143e+00,7.485764343832432388e+00,9.774749999999999828e-01
5.774014098213239521e+00,-4.308194161571227809e+00,-6.482635406146214363e-01,9.958285000000000053e+00
1.959770959636475496e+01,-4.590694344320040976e+00,2.091710367374115809e-01,9.227159000000000333e+00
1.700262957783290929e+01,-2.762360431061754884e+00,9.471823822112522606e+00,5.394780000000000131e-01
-3.482010348893421536e+01,-2.443452622533949903e+00,6.232374445126349194e+00,8.790080000000000116e-01
-4.925337584268077507e+01,-2.809664177516427053e+00,6.533528247930553423e-01,8.310020000000000184e-01
4.897486929634884234e+01,-2.710222558438910578e+00,-1.606919942704517323e+00,5.713390000000000413e-01
-4.915857718109722185e+01,-3.020573112200434451e+00,1.875898292240369969e-01,1.133053000000000088e+00
-1.375616029397173179e+01,-3.220205558616568098e+00,2.743731265805909203e+00,7.172285999999999717e+00
2.500722050618493952e+01,-3.417276813951840797e+00,2.478621061026544226e+00,6.060743000000000436e+00
-1.591236677711861880e+01,-2.727118337458461994e+00,-9.551741206955760788e+00,5.825730000000000075e-01
-3.470519803602832098e+01,-3.956623533009248295e+00,-1.543133440871124362e+00,5.227197000000000315e+00
-7.702714235379247931e+00,-4.513205146392050615e+00,6.652404321787330765e-02,1.027321199999999912e+01
4.713134878304876452e+01,-3.929334442581163600e+00,2.072371123747452637e-01,2.596757000000000204e+00
3.322876978833053130e+01,-2.757231350011718707e+00,6.235141005846278617e+00,1.025554000000000077e+00
5.006736641402188326e+01,-2.781446911075434070e+00,-8.096250074687355580e-01,4.979439999999999977e-01
-2.655531248579918113e+01,-2.618197568068843850e+00,-7.979061032394332287e+00,7.012220000000000120e-01
2.309369850424685566e+01,-4.048248574004299272e+00,-1.036084676431467511e+00,7.860803999999999903e+00
1.337944716126640188e+01,-2.929580778335565849e+00,5.272156216488600222e+00,4.875752000000000308e+00
1.182902170529173702e+01,-2.504325379722837308e+00,-9.556238819649673033e+00,1.010918999999999901e+00
3.088029912902662133e+01,-2.349695022735603711e+00,-7.146712762758911097e+00,9.436560000000000503e-01
5.044962150195618733e+01,-2.775979398246644081e+00,-6.658324520984339190e-02,5.015199999999999658e-01
-4.145905626038364744e+01,-2.711206843636607022e+00,4.581363490929642346e+00,5.665639999999999565e-01
3.459175887094889390e+01,-2.501314809522376059e+00,-5.301145990929989615e+00,1.653205000000000036e+00
-4.516202374521415663e+01,-2.973376839180223996e+00,2.250121423288320432e+00,1.409354999999999913e+00
1.295361491170839052e+01,-3.937199894485180263e+00,-1.478179463265867799e+00,8.673028000000000404e+00
4.150844361532228355e+00,-4.613958680647241906e+00,4.871292225274443527e-02,1.053585200000000022e+01
-3.881717277252415244e+01,-4.125332632029736324e+00,-4.727352107054767494e-01,5.003049999999999997e+00
4.985786537071864188e+01,-2.788828473486290260e+00,9.319358905087679057e-01,5.397819999999999840e-01
-4.788659352800102909e+00,-2.459059661981024991e+00,7.140926764236902535e+00,3.482943000000000122e+00
2.565621475007687735e+01,-4.585904838336974265e+00,-1.161469822487778969e-01,8.324248000000000758e+00
1.649705194889716608e+01,-2.709637925338582942e+00,-9.538834717154331955e+00,5.691220000000000168e-01
-1.807747835161407579e+01,-2.754146569979435633e+00,-9.288133881163023631e+00,5.908459999999999823e-01
-1.618003012974408961e+01,-2.594863156140572613e+00,8.836724830196029501e+00,1.279395999999999978e+00
3.291950189359584300e+01,-2.691185185449578299e+00,5.726000922734552745e+00,1.472804000000000002e+00
2.252934814061255864e+01,-3.155259104404179116e+00,-5.642739094036848257e+00,3.550523999999999791e+00
3.448699855467916908e+00,-2.844960769389584421e+00,1.020219881726842992e+01,7.175580000000000291e-01
4.752145512370924507e+01,-2.789397259535666418e+00,-2.348197841037245048e+00,5.170109999999999983e-01
1.784607381376796420e+00,-3.665722140227018588e+00,1.686778720496735717e+00,8.882072000000000855e+00
-4.085254056708485848e+01,-2.776029015571854774e+00,-4.816538659335691364e+00,4.749829999999999885e-01
7.161189663331662736e+00,-4.531126194236753335e+00,1.390987210438790200e-01,1.029467099999999924e+01
-2.787995681648344970e+01,-4.367486386323751191e+00,-3.809446135229072050e-01,7.647624999999999673e+00
3.929224153673052200e+01,-2.743136721994977378e+00,-4.957561663473637026e+00,7.669510000000000494e-01
-3.091005898161058241e+01,-2.876836192838408746e+00,7.085968323161159432e+00,7.080969999999999764e-01
1.355185260398075187e+00,-2.675657352528687305e+00,-7.962936254650464285e+00,2.842461000000000126e+00
-4.413499912917610146e+01,-3.936264809088940275e+00,3.157427179426001151e-01,3.461962999999999901e+00
-6.299874276227891201e+00,-2.624842899909345828e+00,9.399799245472872045e+00,1.435731000000000090e+00
4.028010401884385061e+01,-2.761961384786540297e+00,4.863701183860648314e+00,5.762960000000000305e-01
-3.774065596138424894e+01,-2.565775292205577873e+00,4.467442471558160655e+00,1.418315999999999910e+00
-3.925366689209575100e+01,-2.010062664349398176e+00,-4.453641325419074093e+00,1.573333000000000093e+00
2.360556424181489699e-01,-2.422043712830493689e+00,8.905472953280503035e+00,1.880001999999999951e+00
-4.812129064736271289e+01,-2.712568485887883796e+00,1.575010513958519542e+00,7.467070000000000096e-01
5.042908419963470834e+01,-2.813311996588841346e+00,1.200319866025043453e-01,5.279829999999999801e-01
7.738295229604354120e+00,-2.807569846385745027e+00,9.629263230456853506e+00,1.125606000000000106e+00
-1.556368880515156938e+01,-4.317580214457163557e+00,4.141033190563092048e-01,9.367722000000000548e+00
4.737104606741214496e+01,-3.037181871245940190e+00,-8.400313692854096681e-01,1.542189000000000032e+00
-1.779945047860196539e+01,-4.802026466497674839e+00,-1.780915778958411938e-02,9.697613999999999734e+00
-2.110778632647583919e+01,-2.561804644464467540e+00,8.422067662931958409e+00,1.106141000000000041e+00
4.321851857595343205e+01,-4.383134590085142612e+00,-3.173240012987424419e-02,4.195127000000000272e+00
1.568409431954897393e+01,-4.634588558463002883e+00,5.127113515431957341e-02,9.752140000000000697e+00
-2.875266800118393196e+00,-4.252212083364816486e+00,6.261553166239042234e-01,1.000469700000000017e+01
1.548592139763040088e+01,-4.297517920267132752e+00,4.111259924516443287e-01,9.363500000000000156e+00
-3.345501514685642519e+01,-4.658227609122305601e+00,-2.319304304580200038e-01,6.844547000000000381e+00
1.380133262238229896e+01,-2.533717665298860222e+00,9.096956122678452772e+00,1.270966999999999958e+00
-8.016129422698829998e+00,-2.346828502231019797e+00,-9.370013303918584668e+00,1.466520999999999963e+00
-4.484596728757986028e+01,-2.785046959204249717e+00,-3.407144456677631439e+00,5.310599999999999765e-01
4.651605363460164710e+01,-2.749974505865687924e+00,-2.818028810296670628e+00,5.121250000000000524e-01
-4.803675073885326441e+01,-2.785104977418085603e+00,1.159080113886943542e+00,1.020304000000000100e+00
3.554299886776173878e+01,-2.790840472530709881e+00,6.221287760293462199e+00,5.020750000000000490e-01
2.026913028937195271e+00,-4.369647488427633064e+00,-3.123999181701416217e-01,1.025455700000000014e+01
-4.049649115683082101e+01,-2.741752997313194218e+00,-3.861426531664251094e+00,1.317716000000000109e+00
1.986779082641961480e+01,-1.980588378688401319e+00,-7.253811067472364371e+00,2.548090000000000188e+00
5.009645677155104693e+01,-2.779505550471925268e+00,7.918766442581074427e-01,4.960709999999999842e-01
4.682716545229502714e+01,-3.229855930537725239e+00,9.277817405457429167e-01,1.837584000000000106e+00
4.390765484621275760e+01,-2.744747058230679215e+00,3.759383861901776314e+00,5.465410000000000545e-01
-3.732667460433818007e+01,-4.253148702879163245e+00,-1.130587130900855691e-01,5.580869999999999997e+00
-4.930324859073304822e+01,-2.747769440454618461e+00,-9.428077521348355861e-01,6.720190000000000330e-01
-2.708527293089970200e+00,-2.803399732967084557e+00,1.046865744731469050e+01,4.605549999999999922e-01
-3.398390086786206155e+01,-4.269412994783520432e+00,-8.969269346014120403e-01,6.054743000000000208e+00
-3.950772412313098414e+01,-2.327142096799763138e+00,4.526397252445548247e+00,1.271130000000000093e+00
9.307282524988581329e+00,-4.267396951105447478e+00,-4.373840045808253252e-01,9.851172999999999291e+00
-7.914561277736750000e+00,-2.859030298564332551e+00,9.755948720090719561e+00,9.939280000000000337e-01
-4.110985664443291654e+01,-2.786928993683912559e+00,-4.428601937051813486e+00,7.495870000000000033e-01
-4.811126674892264532e+01,-2.715486168003689471e+00,-1.509942258233813117e+00,7.772599999999999509e-01
-1.237678727231822684e+01,-2.989095099483240148e+00,-4.869734054417176772e+00,5.346434999999999604e+00
3.660696054253087794e+01,-2.740940625396069752e+00,-5.863732396507918665e+00,5.984990000000000032e-01
2.427549490376102526e+01,-4.788727378206455221e+00,-1.834611270023070451e-02,8.782980999999999483e+00
-4.929574477317847681e+01,-2.754015683106855850e+00,9.091051000760501655e-01,6.955139999999999656e-01
-4.530802222654348554e+01,-2.689400198682850185e+00,3.030828665691869261e+00,7.624680000000000346e-01
-1.888102170145609193e+01,-3.814187678017255223e+00,-9.747523125549922840e-01,8.285553999999999419e+00
-2.490300096822495846e+01,-3.136245882107816740e+00,-2.916600174950490842e+00,5.570116999999999763e+00
2.053135832525941495e+01,-4.181417121003339510e+00,-7.297093244761614361e-01,8.514139000000000124e+00
4.968609345533437249e+01,-2.769530725821906625e+00,-1.126814758551074602e+00,5.265239999999999920e-01
2.914593063899978986e+01,-2.523201604532553599e+00,-7.040159249686040788e+00,9.669140000000000512e-01
-5.039586066909856754e+01,-2.781415492601622130e+00,3.550816955789186102e-01,5.007470000000000532e-01
2.523192929944511320e+01,-2.716140436042036921e+00,7.221062256657450718e+00,1.525946000000000025e+00
-1.407318806200578365e+01,-3.615879070151734265e+00,-2.407580939249596153e+00,7.638689000000000284e+00
-3.156522760788135074e+01,-2.638634332112285819e+00,6.692309764130511596e+00,9.692889999999999562e-01
-1.183043728996244504e+01,-4.154357912604605296e+00,1.022057053975439667e+00,9.240040999999999727e+00
-5.001148451599157596e+01,-2.780598297030583588e+00,-8.752539098893918901e-01,5.012919999999999598e-01
-4.032610004400670789e+01,-4.211058196959732491e+00,3.435978521038457467e-01,4.750295000000000378e+00
-2.947843204420382790e+01,-2.949421620219545570e+00,-5.708138817828603884e+00,2.269613999999999798e+00
-1.460674255545288425e+01,-2.798555632879295985e+00,9.468148335544839256e+00,7.884660000000000002e-01
3.469781538304991808e-01,-2.540068219351666379e+00,5.307149145765198917e+00,5.259637999999999813e+00
-2.881655412582317766e+01,-3.218923019435660393e+00,-3.270169222224581951e+00,4.643982000000000276e+00
-1.788806668409783640e+01,-2.161700997569995231e+00,8.471200609271004822e+00,1.620123999999999898e+00
-3.312234009954110547e+01,-3.004335365703980187e+00,5.335684556437131576e+00,1.911523000000000083e+00
-4.153695701718304711e+00,-2.726524672714860209e+00,1.033929550798597319e+01,5.752880000000000216e-01
-2.416949130230748466e+01,-2.889894501074483646e+00,-4.397983262222523670e+00,4.325795000000000279e+00
-8.537197741827331043e+00,-3.776932515310837513e+00,1.440616449732399218e+00,8.902544999999999931e+00
4.369916303718951411e+01,-2.772041685918769538e+00,3.755880914486961597e+00,5.969069999999999654e-01
-1.129262684953637574e+01,-2.830552135532282687e+00,5.256162112686502574e+00,5.009674000000000404e+00
3.470980145911517667e+01,-3.753035341956980186e+00,1.253106851886410800e+00,5.291875000000000107e+00
-9.766699758762710237e-01,-4.371053715229479941e+00,-5.360052100192416180e-01,1.017626399999999975e+01
-1.027837699241050906e+01,-3.757980467819431514e+00,-1.283082137082140362e+00,8.883565000000000822e+00
-5.560559249475617583e-02,-2.495293186830549459e+00,1.035109440072371356e+01,8.044900000000000384e-01
1.838477312815966513e+01,-4.446161128216181702e+00,-6.552668058047236288e-01,9.039894999999999570e+00
-2.362216906459743626e+01,-2.277074646001674640e+00,-6.903999791551613363e+00,2.259866999999999848e+00
2.561481389127683883e+01,-3.146242284499634057e+00,-6.654775093617637971e+00,2.150336999999999943e+00
-3.823013046685878891e+01,-2.821175509356966149e+00,5.463390440113486513e+00,5.663500000000000201e-01
-1.060968313564258381e+01,-3.496321115974935445e+00,2.752234158699151667e+00,7.575286000000000186e+00
-3.417557729537156064e+01,-3.043977852082949020e+00,2.938213603861503209e+00,3.737408999999999981e+00
-4.927508888197147741e+01,-2.778195214694268333e+00,-7.674566777429613351e-01,7.620460000000000012e-01
-3.330692455854566703e+01,-2.751943930192032539e+00,6.417294160810260273e+00,8.388499999999999845e-01
-4.806964586846117271e+01,-2.749589321658286956e+00,-1.291489370758213573e+00,9.189000000000000501e-01
-1.264102995296394560e+01,-4.879582833214672455e+00,-7.055914331628994340e-02,1.027931099999999986e+01
-2.823822800181313486e+00,-4.530300036207659531e+00,1.551017592950655888e-01,1.044230300000000078e+01
2.683616103853310975e+01,-2.770447702394234213e+00,7.981011906100764719e+00,5.987529999999999797e-01
-4.781456184154708922e+01,-3.263073655573386134e+00,2.838296997754498063e-01,1.766226999999999991e+00
3.381258042917854478e+00,-2.879955636478578995e+00,-4.316145271594153954e+00,6.256071999999999633e+00
5.171104835003100142e+00,-2.491529247073188458e+00,9.977884847140606084e+00,9.815129999999999688e-01
6.033062190622763055e+00,-4.552429880875937585e+00,3.721605294017060750e-01,1.028377200000000080e+01
2.996731124199811092e+01,-2.779916211627795786e+00,-7.457912404004521711e+00,5.210069999999999979e-01
-4.331733983217610984e+01,-3.244646013329549827e+00,-1.215893778465993336e+00,2.726065000000000182e+00
-2.018453078980915194e+01,-4.682272852094775395e+00,5.004233602089092764e-02,9.271891999999999356e+00
3.239025657053501561e+01,-2.749354450867770083e+00,6.954356252683482786e+00,5.349310000000000453e-01
4.751263274569701878e+01,-3.487964131307601079e+00,-1.952684139444782752e-01,2.061920000000000197e+00
6.334231226429867689e+00,-4.382957481346803519e+00,-3.345515804746042321e-02,1.020572300000000077e+01
-4.369574267108787069e+01,-2.886974071522053986e+00,3.559203778349691483e+00,8.090159999999999574e-01
-3.398277017939680889e+01,-4.105347739625902825e+00,6.900766426861861813e-01,6.042483999999999966e+00
4.672717973795322166e+01,-2.762184351687946293e+00,2.682116754143108128e+00,5.413149999999999906e-01
3.846286503735388607e+01,-3.831885334051765124e+00,-8.143764534908355390e-01,4.701749000000000400e+00
3.962443975502780802e+01,-3.864937920031251473e+00,8.069677122660280366e-01,4.429338999999999693e+00
3.277756141043515470e+01,-2.979772880561982529e+00,-5.670870466462167414e+00,1.693192999999999948e+00
-9.655679582068811939e+00,-1.535746628082302001e+00,8.719817346966411975e+00,2.393060000000000187e+00
-2.082102474007698945e+01,-2.767257021963089869e+00,-8.943574454610985214e+00,5.826170000000000515e-01
4.343223624422156348e+01,-2.808578693744042898e+00,3.906837535716444432e+00,5.474029999999999729e-01
-1.790526338551090291e+01,-4.178550523940647743e+00,1.157912100673530675e+00,8.563385999999999498e+00
-3.581761642210873475e+01,-4.006429154220050748e+00,5.484301727718123853e-01,5.607388000000000261e+00
-2.571693800371629735e+01,-4.190174765112325339e+00,7.977387043325321336e-01,7.678295000000000314e+00
1.431464170238281763e+00,-2.403958185342213838e+00,9.589690807798618266e+00,1.436981999999999982e+00
-1.169424243702874655e+01,-2.401248859654588230e+00,-8.342596779528991036e+00,2.195532000000000039e+00
1.553500426837179837e+01,-2.533240583991349215e+00,-6.043904559104050556e+00,3.803439000000000014e+00
8.766359095272566293e+00,-2.732165001231757095e+00,1.010342001512480259e+01,6.103910000000000169e-01
1.569760706135415163e+01,-2.197780935501142618e+00,-8.903449625547002810e+00,1.437761000000000067e+00
-2.282882746651672434e+01,-3.905153274288154730e+00,1.028601129686296467e+00,7.787284999999999791e+00
9.733006072641307682e+00,-2.836895770536687511e+00,7.484739310987190031e+00,3.055200999999999834e+00
-3.736633629658869893e+01,-3.688527883601354418e+00,2.652615336713540911e-02,5.040600000000000414e+00
4.857442977251538707e+01,-2.787294703856060263e+00,-1.853388765109738268e+00,5.072769999999999779e-01
3.356166698727384556e+01,-4.791489463705100427e+00,-2.007209641021323876e-01,6.950230999999999604e+00
-2.189093163243519058e+01,-2.730932569160469114e+00,8.885975778673508074e+00,5.407520000000000104e-01
-1.452411463240531475e+01,-2.576310911950076665e+00,-9.454273059402641621e+00,8.601590000000000069e-01
-4.527388953896441848e+01,-2.953879755403907126e+00,-2.617002154922832613e+00,1.153432000000000013e+00
-1.453590216686833081e+01,-4.419282604254867408e+00,-4.271236198905319914e-01,9.565087999999999369e+00
2.929443950784273554e+01,-2.492004689802915340e+00,-4.634330412876908056e+00,3.041978999999999989e+00
8.607043242511114300e+00,-2.405314453752269266e+00,-9.628814005432458245e+00,1.189343999999999957e+00
-4.604845329644951590e+01,-2.846242888662028570e+00,2.853696457802103126e+00,6.583689999999999820e-01
5.688947129159065419e+00,-4.507364002736396813e+00,5.164499498812858969e-01,1.019145499999999949e+01
-3.760689885710182523e+01,-2.795260329634119412e+00,-5.661236040120017243e+00,5.148089999999999611e-01
-4.933669126559568241e+01,-2.749032374390622646e+00,-1.203947772926172499e+00,5.654460000000000042e-01
-6.261750758108456161e+00,-2.776569918660810377e+00,-1.027641287108585466e+01,5.412360000000000504e-01
-2.131723893809987658e+01,-2.627960771580367005e+00,-8.755891900920380166e+00,7.488899999999999446e-01
4.976154264372389235e+01,-2.776135739270536806e+00,1.054679345521346345e+00,5.349909999999999943e-01
-2.883079449551128093e+01,-3.580576632404734561e+00,-1.725140941014954521e+00,6.056460000000000399e+00
3.855825552848351379e+01,-3.724752611262415414e+00,1.218186471638117219e+00,4.372831999999999830e+00
2.697385797625285164e+01,-2.340770832586657857e+00,-7.790929946381515592e+00,1.004572000000000020e+00
2.822911311060321182e+01,-3.201725865075264466e+00,-1.970632813930149219e+00,5.749965000000000437e+00
-1.812068920602190403e+01,-2.773140731946379667e+00,-5.496546986110442568e+00,4.115476000000000134e+00
8.104273719694464972e+00,-3.657644156782051237e+00,-1.487534271078273962e+00,8.819732999999999379e+00
4.516328985816626584e+01,-2.752777494131546820e+00,-3.344539603456833099e+00,5.182740000000000125e-01
-4.920741723869023332e+01,-2.900500782083253348e+00,4.105439106568309349e-01,9.783119999999999594e-01
2.617567924782493094e+01,-4.439795031676697867e+00,1.486454068318799060e-01,8.099847999999999715e+00
3.282448521702510646e+01,-4.634451692047768745e+00,-2.865905706450681545e-01,6.943946999999999647e+00
-3.803089118156594139e+01,-2.709923024846397688e+00,-4.803834266203558911e+00,1.135464999999999947e+00
8.567414629645018209e+00,-3.522612812473702171e+00,1.806719140443597826e+00,8.460297000000000622e+00
-4.065694454663941571e+01,-4.677962141576232469e+00,-9.988661692889966304e-02,5.148260999999999754e+00
-2.642123675036205199e+01,-2.799437669079624325e+00,7.298656613188909681e+00,1.341755999999999949e+00
-1.498462944502932359e+01,-4.616077219012450605e+00,1.129812923084108460e-02,9.812315999999999150e+00
4.171593728473287399e+01,-2.697223173564492704e+00,3.480887340311469735e+00,1.483713999999999977e+00
6.804213725611315544e-01,-2.795437842941161488e+00,1.045352542016055608e+01,4.903330000000000188e-01
2.668361373197194197e+01,-2.473074431882367197e+00,5.778553849543265564e+00,2.518187999999999871e+00
-2.011992626641847082e+01,-2.816127076524188588e+00,-3.779448665180117128e+00,5.400780000000000136e+00
-2.831720830449686588e+01,-2.479023063324222065e+00,-7.624558172086114638e+00,8.430480000000000196e-01
-2.576885769656035219e+00,-2.653977348879445142e+00,-8.048230898473901718e+00,2.742392999999999859e+00
1.267493019643403995e+00,-4.543889750085469359e+00,1.045136610637183300e-01,1.048448600000000042e+01
-2.772129974840262889e+01,-3.330319529833792647e+00,3.990595192194139162e+00,4.289806999999999704e+00
-1.136443394550085140e+00,-2.685960258415145407e+00,-1.028864700012796263e+01,6.760760000000000103e-01
-3.059438407258726045e+01,-2.776696124019421674e+00,-7.183758568031992198e+00,6.513170000000000348e-01
1.512368249365291994e+01,-2.859458194048685176e+00,8.897442509159633417e+00,1.305007999999999946e+00
-3.164426004701062922e+01,-2.358286174656473833e+00,-6.156432869827818344e+00,1.530164000000000080e+00
-3.115633460228463214e+00,-3.685589789654216464e+00,1.712435400797256646e+00,8.857526999999999262e+00
3.146970846543560540e+01,-4.056586440480757005e+00,5.321996227128084067e-01,6.607776000000000316e+00
-1.655250840008620017e+01,-4.733087694119555877e+00,-1.918734177017264730e-01,9.726656999999999442e+00
-2.401906319448378824e+01,-2.676782727471884282e+00,8.484168567303839836e+00,6.287289999999999823e-01
4.337210006688074770e+01,-2.578966022071894404e+00,-3.280777718157709799e+00,1.186086999999999891e+00
-2.854032454370190663e+01,-2.861866880345811381e+00,5.805085024006563010e+00,2.426228000000000051e+00
-4.747317028282535745e+01,-2.675002465447640976e+00,2.254223716850122017e+00,6.738469999999999738e-01
-1.876246492810115640e+01,-4.859082268791312664e+00,2.420250126564784943e-01,9.567126000000000019e+00
-2.431102008557535399e+01,-3.586206239941030383e+00,1.031180532052657604e-02,7.577170999999999879e+00
-1.868336445971334525e+00,-4.287699803910947516e+00,1.002315059335324721e+00,9.819504000000000232e+00
3.851093294173084303e+01,-3.041179185559804932e+00,-4.270701079741510142e+00,1.629669999999999952e+00
-1.194127602672361199e+01,-4.564051568494449818e+00,3.321494382030006909e-01,9.973354999999999748e+00
3.826555139641942560e+01,-4.248627703813226297e+00,4.625808293858374998e-01,5.251279000000000252e+00
3.740977849794428067e+01,-3.693289127065792155e+00,-1.749777398789380101e+00,4.280746999999999858e+00
2.954512891437130051e+01,-2.672451768705301323e+00,6.893797842255358965e+00,1.164137999999999895e+00
-3.864674166866575433e+01,-4.643381775592294147e+00,7.602006700282730456e-02,5.649666999999999994e+00
1.521784859609838669e+01,-2.374262046515199565e+00,-8.103979032684021533e+00,2.129518000000000022e+00
3.648145361892515837e+01,-4.562061840380725819e+00,-9.161574643109997307e-02,6.104707999999999579e+00
-2.915969441387436945e+01,-4.087245106113311266e+00,5.214401221215573257e-01,7.102282999999999902e+00
1.950315842061056415e+01,-2.400963097682795144e+00,6.262073194405830101e+00,3.444609999999999950e+00
4.736385023288144680e+01,-2.779690149666992127e+00,1.692549058260722994e+00,1.186779000000000028e+00
-4.432266506909678050e+00,-2.656111078374650880e+00,-1.013191421187917740e+01,7.777899999999999814e-01
3.173528170098328971e+01,-4.180033431638071839e+00,2.709114552789504415e-01,6.775212999999999930e+00
-5.695397666468848819e+00,-4.811315828434108433e+00,2.199165612462812558e-02,1.065411499999999911e+01
-1.093208722213992878e+01,-4.442462484859089678e+00,-3.526010845311318143e-01,9.922579000000000704e+00
-5.894043556475906165e+00,-2.488916025321243009e+00,9.974007409008786240e+00,9.654939999999999634e-01
1.360238594348325281e+00,-3.774118503021832272e+00,-1.427600221386196910e+00,9.154272000000000631e+00
3.997648566458709496e+01,-2.005660184763837783e+00,-3.556938159538201916e+00,2.113291999999999948e+00
1.325409022625935762e+01,-4.283643292258355828e+00,-7.126635404961989551e-01,9.420882000000000644e+00
2.090302348650277509e+01,-3.734443025945627159e+00,1.332304493972021886e+00,7.736042999999999559e+00
3.259107697743113619e+01,-2.594777197481257680e+00,6.717973920398346621e+00,7.731580000000000119e-01
5.028646291919517353e+01,-2.796033878537992123e+00,5.417390791648751813e-01,5.083090000000000108e-01
-2.182167585445886004e+01,-3.865255974134979677e+00,-1.669719496560272187e+00,7.463408000000000264e+00
-3.006996715438441825e+01,-4.045006484419127801e+00,6.695144914590289709e-01,6.842011000000000287e+00
1.986004571401145924e+01,-4.687528118312530800e+00,-7.828054625773708808e-02,9.303656999999999400e+00
-9.335514021875296109e+00,-3.931284975793382319e+00,-8.055445529199913857e-01,9.368254999999999555e+00
-2.990698195854414010e+01,-4.403475191218943152e+00,-1.928289648089363262e-01,7.353297999999999668e+00
2.474040466783400305e+01,-3.806232338260156833e+00,-1.941639470567287917e+00,6.766072999999999560e+00
2.895376084586235521e+01,-3.481205796328300295e+00,-1.365134793859399620e+00,6.203619999999999912e+00
3.248114160444944787e+01,-4.786155527995945569e+00,-1.138695634800688250e-01,7.207404000000000366e+00
4.953268760523672398e+01,-2.770172132819970656e+00,-1.237145843898244779e+00,5.197810000000000485e-01
-1.726813027888210428e+01,-2.815829931623654137e+00,9.504625700926434106e+00,4.782109999999999972e-01
2.132087377364625169e+01,-4.369157206141696115e+00,3.048969418651952257e-01,8.743821999999999761e+00
-4.993943884137075173e+01,-2.781750689739721505e+00,9.641398014485345058e-01,5.005509999999999682e-01
-1.112350265779302561e+01,-2.799134744610013659e+00,9.110744023504432576e+00,1.405882000000000076e+00
3.794677893784608358e+01,-2.771301944039168408e+00,5.404130207911571837e+00,6.932770000000000321e-01
2.365505568547049720e+01,-2.514359756918945088e+00,-6.969680788058048471e+00,2.145843999999999863e+00
1.777234498277681141e+01,-4.894181642310726055e+00,1.130068719757786333e-01,9.763956999999999553e+00
-4.568407784746442957e+01,-2.784251551532781921e+00,3.152912273085731076e+00,4.989359999999999906e-01
7.329400282660318844e+00,-2.785017659516252575e+00,-1.014288893587472096e+01,6.307399999999999674e-01
-3.717915408570159741e+01,-2.689554924375798350e+00,-5.600435162980490489e+00,7.101969999999999672e-01
2.379827807611450297e+01,-4.136315020826802247e+00,8.172674326778358589e-01,7.947892000000000401e+00
1.527120046072393400e+01,-3.826396215631511222e+00,-1.155950018967463633e+00,8.598204000000000846e+00
-3.626796817472894929e+01,-2.121612593394912150e+00,4.846437417994777341e+00,1.838951999999999920e+00
2.173038476983947120e+01,-2.828272056132611567e+00,-8.502436699620082194e+00,8.974180000000000490e-01
-3.140262647648946981e+01,-4.566447377806131414e+00,-2.410884261929515660e-01,7.197007000000000154e+00
4.336806374612380921e+01,-3.307478320991318110e+00,-1.814298835578456170e+00,2.417838000000000154e+00
-1.568310470417780778e+01,-3.776641937871939358e+00,-1.765267632740273651e+00,8.082252999999999687e+00
4.993907419642589218e+01,-2.815289026020868057e+00,-9.484933793261307589e-01,5.101700000000000124e-01
9.956290555211912974e+00,-2.961963366681804821e+00,-4.083303452081741725e+00,6.214385000000000048e+00
-7.477374162666061252e+00,-4.449605067603036979e+00,-3.407551279861575910e-01,1.013577500000000065e+01
-2.936448060903467194e+01,-2.646682001093041858e+00,-7.018361760169725905e+00,1.077995999999999954e+00
3.201323085935619872e+01,-2.782506302332925063e+00,6.891793479339030526e+00,6.476990000000000247e-01
4.114042107027102446e+01,-2.787866236352125160e+00,4.715968568294461427e+00,4.738959999999999839e-01
2.045093654021264484e+01,-4.713433601138482310e+00,-5.523869025958914880e-02,9.258886999999999645e+00
-3.366699993711945638e+01,-3.334251356008100853e+00,-2.769608898506488615e+00,4.143938999999999595e+00
3.238105992766779906e+01,-2.753556005961952380e+00,-6.631066275623247463e+00,7.926180000000000447e-01
-4.912087950852186680e+01,-3.130411104324327010e+00,-1.051474672158423176e-02,1.255938999999999917e+00
-4.207881307833183371e+01,-2.709671993644471311e+00,4.155438718183043889e+00,7.428420000000000023e-01
-1.830996516110668715e+00,-2.164204396507273920e+00,7.647982682165742396e+00,3.358887999999999874e+00
1.819355918226554181e+01,-2.797931469428942997e+00,-9.276959151918198643e+00,5.888529999999999598e-01
-4.656832496889156658e+01,-2.785352073665319672e+00,-2.772624318023455103e+00,5.032299999999999551e-01
-8.586318473303734322e+00,-2.870160104853868521e+00,-3.691353350949431622e+00,6.572616000000000014e+00
-2.881055538849243547e+01,-2.269930179124100889e+00,-7.040605450315812419e+00,1.325099999999999945e+00
2.144941389589551051e+00,-2.811531280985040571e+00,-1.033036390843406416e+01,6.021450000000000413e-01
2.719270137848817726e+01,-4.416809292501035600e+00,1.866659174644017538e-01,7.891685999999999979e+00
7.804987882275836800e-03,-2.799966172136633347e+00,4.159425221005053075e+00,6.400609000000000215e+00
4.707818404579095173e+00,-2.727418664389629654e+00,-1.031435385509882963e+01,5.751119999999999566e-01
-1.375251832570076083e+01,-4.404935810688907161e+00,-6.144952003821245734e-01,9.520362000000000435e+00
1.211652236410837702e+01,-3.315503155374878386e+00,2.999739318428389367e+00,7.152627999999999986e+00
3.880035976392406383e+01,-2.877413745557564795e+00,-4.820017962378478238e+00,1.037873999999999963e+00
7.607544036803223220e-01,-2.375648291242995480e+00,-9.988195277818919138e+00,1.108427999999999969e+00
3.685484244786717056e+01,-2.817776774141052432e+00,-5.953211843840117368e+00,4.436930000000000041e-01
2.365290318150261939e+01,-1.946023151390484207e+00,6.170543692087374410e+00,3.052772000000000041e+00
-4.680062871384565426e+01,-2.769990258495236723e+00,-2.589440874860603703e+00,5.867660000000000098e-01
5.348094250514080272e+00,-2.312402574037665026e+00,-7.842849935340818313e+00,3.052979000000000109e+00
1.053302683924639283e+01,-4.414611111475834626e+00,4.768479500964676321e-01,9.875488000000000710e+00
-2.993146473783479422e+01,-4.373449558412605853e+00,2.521275255704970575e-01,7.307127000000000372e+00
-2.273158447878155286e+01,-3.421740503343147832e+00,2.003519450817160763e+00,6.791101000000000276e+00
-4.395632980216120700e+00,-3.584024558867135557e+00,-1.720535056437636046e+00,8.739454999999999529e+00
2.851636681436645304e+01,-3.677522806021582991e+00,-1.036261049112512378e+00,6.627042999999999573e+00
-3.306969973793274420e+01,-3.628710617823732498e+00,1.630026227052172816e+00,5.311776000000000053e+00
2.462108932280099438e+01,-2.395909402808340971e+00,8.071915701202096116e+00,1.046025999999999900e+00
1.897675863253594741e+01,-2.817525372868385780e+00,8.046498862853855627e+00,1.714828999999999937e+00
-1.008435153994532918e+01,-2.781884197749272758e+00,-1.007966661620180382e+01,5.307560000000000056e-01
-2.842140168071882655e+01,-3.633153246958101601e+00,1.407190564090217588e+00,6.392649999999999721e+00
1.091740668526940405e-01,-4.113700446801839661e+00,6.923037714697830580e-01,9.862982000000000582e+00
-2.483096579750281307e+01,-3.853385078857206381e+00,-1.039905073318193152e+00,7.408680999999999628e+00
3.011974982072916163e+01,-4.479292308522976107e+00,8.985367133650172533e-02,7.402147000000000254e+00
-4.313054016834028204e+01,-2.813164236847014887e+00,2.971285620410087702e+00,1.529301999999999939e+00
2.092240725220381492e+01,-2.708788867869821981e+00,8.939882374872762938e+00,6.073460000000000525e-01
-4.484191033433003781e+01,-3.816245894690191154e+00,6.899314350632099746e-01,3.029275999999999858e+00
-3.283888006711416097e+01,-4.603555158423251470e+00,9.531893143371156230e-02,6.959386000000000294e+00
-5.837077840782611382e+00,-3.775436820139621563e+00,1.866757578892949576e+00,8.709782999999999831e+00
1.880685043610309748e+01,-4.534204138538573403e+00,4.522970351785560172e-01,9.175705999999999918e+00
7.852442023787010505e+00,-3.253253040160791087e+00,2.415662826248883288e+00,7.877949000000000090e+00
4.962937051411033451e+01,-2.717253547115830337e+00,1.165335199110175468e+00,5.466100000000000403e-01
-1.965731662686199144e+01,-4.051635645597007951e+00,1.612029110281362199e+00,7.932212999999999958e+00
-2.721395866909183070e+01,-2.790093603032073322e+00,8.030839707810125461e+00,4.829780000000000184e-01
3.521653942623906630e+01,-2.961052750797044553e+00,4.220513679482469804e+00,2.399881000000000153e+00
-1.345780516263467597e+01,-4.117702130771873748e+00,7.117055350142669212e-01,9.258001000000000147e+00
-1.389307818697263919e+01,-2.857124965228218461e+00,-7.945504128525813670e+00,2.313534000000000201e+00
-3.441413672164340198e+01,-2.764682009676591612e+00,6.489150926542414766e+00,5.170979999999999466e-01
-2.611982682949582113e+01,-2.708228970948602488e+00,-7.783773006490196877e+00,9.154499999999999860e-01
2.300828696601740830e+01,-2.844546657214841012e+00,7.972927473811632915e+00,1.232447000000000070e+00
-2.427592782921443160e+01,-2.686880729278748436e+00,8.184258411711866188e+00,8.430180000000000451e-01
6.901008588423123591e+00,-4.504499231342484755e+00,-3.345194658455732384e-01,1.022838299999999911e+01
-5.881566291003069935e+00,-2.555907480143007060e+00,-1.020805624986912186e+01,7.471510000000000096e-01
1.313367801805369517e+01,-4.698165109822538987e+00,-1.442623119011905708e-01,1.004866499999999974e+01
2.894368142394375809e+01,-3.817089095797980836e+00,1.681486196299549318e+00,6.235561999999999827e+00
-1.203143119858502530e+01,-4.605726501721330912e+00,-3.240605413532088863e-01,9.999065999999999121e+00
-4.016438574541697903e+01,-2.625239444109241038e+00,-4.478009736499910076e+00,1.000783999999999896e+00
-3.556236175895077345e+00,-2.759453174773339512e+00,-1.008017160064446216e+01,8.237210000000000365e-01
3.193311771060111681e+01,-2.699400537182328197e+00,-6.927651529832952626e+00,6.522010000000000307e-01
1.126438401072856976e+01,-2.820077919929221189e+00,9.914049920988828646e+00,6.282860000000000111e-01
7.847113495593196930e+00,-2.561812092316262834e+00,-9.507508206963596109e+00,1.271319000000000088e+00
-8.951645605341109757e+00,-4.532514560171575724e+00,2.392151860066009383e-01,1.016958799999999918e+01
-3.573878220342486856e+01,-4.260016208762092305e+00,-3.318213186005079529e-01,5.926769000000000176e+00
-1.207726859880231807e+01,-2.762921585450411666e+00,9.858419265793717301e+00,6.182860000000000023e-01
-3.812974333591313325e+00,-4.137202499927461474e+00,-6.206785272236635675e-01,9.869706000000000756e+00
4.130447898625882175e+01,-3.723079936759489339e+00,-9.661989713296544879e-01,3.807065999999999839e+00
-3.444155518085220535e+01,-2.834284620759072393e+00,-6.563926196157351178e+00,4.068149999999999822e-01
-2.100824030609427240e+01,-4.298204920536258022e+00,8.017969767859080277e-02,8.805523000000000877e+00
7.367352875093482467e+00,-3.298417738067596527e+00,-2.973208334225433624e+00,7.478657000000000110e+00
2.980179448521206353e+01,-2.732255242276127927e+00,-7.484032921926035087e+00,5.519690000000000429e-01
-4.411628385050292422e+00,-2.777811558938806602e+00,4.365791572799469833e+00,6.142058999999999713e+00
-2.090444802731483520e+01,-4.154061736633976487e+00,5.772354633118724765e-01,8.507182000000000244e+00
-2.210537120472183759e+01,-4.505958771322378098e+00,-6.055434769627651148e-01,8.617656999999999456e+00
-4.811623224284354450e+01,-2.735989564036558797e+00,2.071801517668404813e+00,5.480829999999999869e-01
4.272151151841905659e+01,-2.733446176518614656e+00,2.512238999301990905e+00,1.744310999999999945e+00
3.873106673216871521e+00,-4.248934413268667498e+00,-7.136438582476930526e-01,9.928038000000000807e+00
9.110759488445315801e-01,-2.768687070195900102e+00,1.040385406068592467e+01,5.453839999999999799e-01
1.082107618824354489e+01,-4.344152908143928293e+00,-7.635367931971506206e-01,9.634831999999999397e+00
-1.479977437544285479e+01,-3.141424239377221372e+00,2.596990329526751129e+00,7.153021999999999991e+00
-9.181018250643959711e-01,-2.101708355475731427e+00,9.395052781547233778e+00,1.753587000000000007e+00
3.482169126291388039e+01,-3.334746403841339912e+00,2.349394401793807763e+00,4.212715000000000209e+00
4.276632727120563970e+01,-4.093294475672811572e+00,2.000742830221131086e-01,4.005607000000000362e+00
-3.531991210075221233e+01,-2.724339949887636614e+00,-4.210236945662339636e+00,2.500739999999999963e+00
-2.799212637909032964e+01,-2.525999984666470244e+00,6.929462305532748445e+00,1.456472999999999907e+00
3.358211746952783727e+01,-2.436857256095979807e+00,-6.079803658157251434e+00,1.191297000000000050e+00
-3.455963095013184994e+00,-3.855098025589436705e+00,-6.059951620651418125e-01,9.646812000000000609e+00
2.540727748352762561e+01,-3.894627054726168325e+00,9.729332997755190116e-01,7.386632999999999782e+00
-2.228708653434869902e+01,-2.562790699482927703e+00,4.847137158820367553e+00,4.060602000000000267e+00
-4.801038036658299291e+01,-2.835829171313926533e+00,-9.864344916995428925e-01,1.132908999999999944e+00
3.609024826414925968e+01,-2.489837965465536485e+00,5.776215873506620468e+00,9.177790000000000115e-01
-2.813151947717126689e+01,-3.592354137909303358e+00,1.636320703995982395e+00,6.275483999999999618e+00
3.173446982393991078e+01,-3.353988799508179408e+00,1.737634112896620175e+00,5.332275000000000098e+00
1.251931244924703890e+01,-4.544830910378003352e+00,-4.106798609225905672e-01,9.859332000000000207e+00
-1.250322572559421630e+01,-2.090414485003904588e+00,8.763561445237437297e+00,1.861960999999999977e+00
1.523772241552097206e+01,-4.185503218330668851e+00,-5.038642773637952432e-01,9.275824000000000069e+00
-1.710659841552328420e+00,-2.836230154335021680e+00,-5.126465813855114462e+00,5.544334000000000096e+00
3.751789854862663276e+01,-4.442775557447497192e+00,1.720085419967220530e-01,5.713244999999999685e+00
-9.263817970674020685e+00,-2.468660691613581371e+00,-9.924509450579531489e+00,8.853229999999999711e-01
-3.394457991136046360e+01,-2.832710352197439718e+00,-6.184834631729831500e+00,9.061960000000000015e-01
-3.386341684769568161e+01,-4.413354451391635180e+00,2.682913703779885028e-01,6.522090999999999639e+00
2.861507199227609988e+00,-4.608685108373837380e+00,1.989078226246727144e-01,1.053064999999999962e+01
