0.0069877463682107566 0.20361824838262077
0.027128504321369484 0.23245724602551054
0.04777077517176814 0.6205800832511411
0.07156254701683407 0.8650054330563869
0.09346194352964776 0.9537330948360889
0.11697955499088913 1.0017499456694363
0.13711696952473296 1.0281937177151073
0.16059445995419513 1.0474678613818353
0.18240358414550556 1.071524432036644
0.20083585482873334 1.0764031495009947
0.22264163560072886 1.0980644945585851
0.24609572209498648 1.1005720590447852
0.2645079322623246 1.0910794229258263
0.28627693542185595 1.0863932864140158
0.30972433507748376 1.084110399705779
0.3331750781524264 1.084222738594761
0.35160066199702433 1.0843110048646751
0.3733763519951855 1.084415319547301
0.393476988916565 1.0845116100235712
0.420271151306441 1.079849546130828
0.43534997241679063 1.082316989585249
0.46382587472207826 1.0824534010932982
0.4805797489092094 1.0849288687540748
0.5006803858305889 1.085025159230345
0.5291529447165616 1.082766345141176
0.5509286347147226 1.0828706598238018
0.5710359584747321 1.0877574014945086
0.5995051739413897 1.0831033618081212
0.5928016182149484 1.0806760393854797
0.616255704709206 1.0831836038716798
0.6397031043648338 1.080900717163443
0.6665072970126548 1.0834243300623547
0.6983299620521907 1.0811815643858975
0.72345910162323 1.0836971530784534
0.7703572443538005 1.0815266052591987
0.8139052809308078 1.0793400090272323
0.8423811832360955 1.0794764205352816
0.8708537421220681 1.0772176064461125
0.8992828365569467 1.043820859593106
0.9277487086042895 1.0367715943095004
0.9612497701399221 1.0369320784366172
1.0014477005633662 1.034729433791939
1.0349487620989986 1.0348899179190558
1.0650997174810677 1.035034353633461
