0.02577451207166398 0.19544169643152176
0.13095534921259572 0.3865491893645592
0.22753466892168622 0.5086771186618881
0.2778420304788111 0.5489021800190453
0.3406511318655681 0.5776266420737366
0.38675286208232834 0.6106672834925966
0.4411907544201687 0.6365199001462958
0.4914230154176444 0.6551880968616977
0.5541770430606583 0.668104191512435
0.6545714711999369 0.685320844610934
0.8636664493757142 0.7039433801860691
0.771673270509212 0.6982213183452642
0.9682164418155912 0.7139732101283617
1.060229647498 0.7254437692069681
1.1898532134528135 0.7325921408766337
1.32786801527245 0.7483608551850928
1.4449347676538888 0.7512014587532706
1.5703827424921972 0.7597881563413409
1.7083574906800203 0.764059876174197
1.8421616544553159 0.7712070462349084
1.967589602477718 0.7740452465851775
2.080515810670488 0.7883840462379125
2.210139376625302 0.7955324179075781
2.3481341516290315 0.8055526349782358
2.4568547284814373 0.8127070146926734
2.5530485319843277 0.8241763721623252
2.682657077827211 0.8270133709036398
2.833188639588409 0.835592858837984
2.950260398673825 0.8398705867156121
3.07571338021611 0.8498944086131328
3.21370815521984 0.8599146256837905
3.3056863139744124 0.8613253145962443
3.456212869031634 0.868467678221138
3.573284628117049 0.872745406098766
3.707073771780414 0.8755812032311263
3.8283111085743817 0.8755463565714491
3.9871938525685913 0.8812491926689836
4.087518186852195 0.8783461054351775
4.208780557166046 0.8854968803227521
4.334198491780495 0.8854608320541204
4.451275257569887 0.8911756842411989
4.593415583466262 0.8911348295367496
4.718833518080712 0.8910987812681179
4.798279896781792 0.8953873236263356
4.911156037934795 0.895354880184567
4.9738599985380425 0.8938997317408008
