0.000 0.000
0.167 0.256
0.333 0.408
0.500 0.484
0.667 0.513
0.833 0.517
1.000 0.516
1.167 0.526
1.333 0.545
1.500 0.564
1.667 0.577
1.833 0.587
2.000 0.597
2.167 0.611
2.333 0.627
2.500 0.645
2.667 0.663
2.833 0.679
3.000 0.696
3.167 0.712
3.333 0.727
3.500 0.742
3.667 0.756
3.833 0.770
4.000 0.783
4.167 0.796
4.333 0.808
4.500 0.820
4.667 0.832
4.833 0.843
5.000 0.855
5.167 0.866
5.333 0.876
5.500 0.887
5.667 0.898
5.833 0.908
6.000 0.918
6.167 0.929
6.333 0.939
6.500 0.948
6.667 0.958
6.833 0.967
7.000 0.976
7.167 0.984
7.333 0.992
7.500 1.000
7.667 1.007
7.833 1.014
8.000 1.020
8.167 1.026
8.333 1.032
8.500 1.037
8.667 1.042
8.833 1.047
9.000 1.051
9.167 1.056
9.333 1.060
9.500 1.064
9.667 1.068
9.833 1.072
10.000 1.076
10.167 1.080
10.333 1.084
10.500 1.088
10.667 1.091
10.833 1.096
11.000 1.100
11.167 1.104
11.333 1.108
11.500 1.113
11.667 1.118
11.833 1.123
12.000 1.128
12.167 1.133
12.333 1.138
12.500 1.144
12.667 1.149
12.833 1.155
13.000 1.160
13.167 1.166
13.333 1.172
13.500 1.177
13.667 1.182
13.833 1.188
14.000 1.193
14.167 1.198
14.333 1.202
14.500 1.207
14.667 1.211
14.833 1.215
15.000 1.218
15.167 1.221
15.333 1.223
15.500 1.225
15.667 1.225
15.833 1.225
16.000 1.225
16.167 1.225
16.333 1.225
16.500 1.225
16.667 1.225
16.833 1.225
17.000 1.225
17.167 1.225
17.333 1.225
17.500 1.225
17.667 1.225
17.833 1.225
18.000 1.225
18.167 1.225
18.333 1.225
18.500 1.225
18.667 1.225
18.833 1.225
19.000 1.225
19.167 1.225
19.333 1.225
19.500 1.225
19.667 1.225
19.833 1.225
20.000 1.225
