0.000 0.000
0.167 0.191
0.333 0.308
0.500 0.371
0.667 0.398
0.833 0.403
1.000 0.402
1.167 0.407
1.333 0.418
1.500 0.434
1.667 0.453
1.833 0.472
2.000 0.487
2.167 0.495
2.333 0.501
2.500 0.508
2.667 0.522
2.833 0.540
3.000 0.561
3.167 0.583
3.333 0.604
3.500 0.626
3.667 0.647
3.833 0.668
4.000 0.688
4.167 0.707
4.333 0.725
4.500 0.743
4.667 0.760
4.833 0.777
5.000 0.794
5.167 0.811
5.333 0.828
5.500 0.845
5.667 0.860
5.833 0.875
6.000 0.889
6.167 0.901
6.333 0.912
6.500 0.923
6.667 0.933
6.833 0.943
7.000 0.953
7.167 0.964
7.333 0.976
7.500 0.989
7.667 1.002
7.833 1.015
8.000 1.028
8.167 1.041
8.333 1.054
8.500 1.067
8.667 1.079
8.833 1.090
9.000 1.101
9.167 1.111
9.333 1.119
9.500 1.127
9.667 1.134
9.833 1.141
10.000 1.147
10.167 1.152
10.333 1.157
10.500 1.162
10.667 1.166
10.833 1.171
11.000 1.175
11.167 1.179
11.333 1.183
11.500 1.188
11.667 1.192
11.833 1.196
12.000 1.201
12.167 1.205
12.333 1.210
12.500 1.214
12.667 1.219
12.833 1.224
13.000 1.228
13.167 1.233
13.333 1.238
13.500 1.244
13.667 1.249
13.833 1.254
14.000 1.260
14.167 1.266
14.333 1.272
14.500 1.277
14.667 1.283
14.833 1.289
15.000 1.294
15.167 1.299
15.333 1.303
15.500 1.307
15.667 1.310
15.833 1.313
16.000 1.314
16.167 1.315
16.333 1.315
16.500 1.313
16.667 1.311
16.833 1.307
17.000 1.302
17.167 1.315
17.333 1.315
17.500 1.315
17.667 1.315
17.833 1.315
18.000 1.315
18.167 1.315
18.333 1.315
18.500 1.315
18.667 1.315
18.833 1.315
19.000 1.315
19.167 1.315
19.333 1.315
19.500 1.315
19.667 1.315
19.833 1.315
20.000 1.315
