0.000 0.000
0.167 0.084
0.333 0.155
0.500 0.213
0.667 0.261
0.833 0.299
1.000 0.328
1.167 0.350
1.333 0.367
1.500 0.378
1.667 0.387
1.833 0.393
2.000 0.398
2.167 0.403
2.333 0.409
2.500 0.417
2.667 0.426
2.833 0.438
3.000 0.453
3.167 0.471
3.333 0.492
3.500 0.515
3.667 0.538
3.833 0.561
4.000 0.582
4.167 0.601
4.333 0.619
4.500 0.636
4.667 0.654
4.833 0.672
5.000 0.692
5.167 0.714
5.333 0.738
5.500 0.762
5.667 0.786
5.833 0.807
6.000 0.826
6.167 0.841
6.333 0.854
6.500 0.864
6.667 0.874
6.833 0.884
7.000 0.896
7.167 0.910
7.333 0.926
7.500 0.942
7.667 0.959
7.833 0.975
8.000 0.990
8.167 1.003
8.333 1.014
8.500 1.024
8.667 1.033
8.833 1.041
9.000 1.050
9.167 1.059
9.333 1.069
9.500 1.079
9.667 1.089
9.833 1.099
10.000 1.109
10.167 1.119
10.333 1.128
10.500 1.137
10.667 1.145
10.833 1.153
11.000 1.159
11.167 1.164
11.333 1.169
11.500 1.172
11.667 1.174
11.833 1.176
12.000 1.177
12.167 1.177
12.333 1.177
12.500 1.177
12.667 1.176
12.833 1.175
13.000 1.174
13.167 1.172
13.333 1.171
13.500 1.170
13.667 1.169
13.833 1.168
14.000 1.168
14.167 1.168
14.333 1.168
14.500 1.170
14.667 1.172
14.833 1.174
15.000 1.178
15.167 1.183
15.333 1.189
15.500 1.195
15.667 1.204
15.833 1.213
16.000 1.224
16.167 1.224
16.333 1.224
16.500 1.224
16.667 1.224
16.833 1.224
17.000 1.224
17.167 1.224
17.333 1.224
17.500 1.224
17.667 1.224
17.833 1.224
18.000 1.224
18.167 1.224
18.333 1.224
18.500 1.224
18.667 1.224
18.833 1.224
19.000 1.224
19.167 1.224
19.333 1.224
19.500 1.224
19.667 1.224
19.833 1.224
20.000 1.224
