0.000
0.213
0.347
0.421
0.455
0.463
0.463
0.466
0.476
0.494
0.521
0.557
0.603
0.659
0.717
0.768
0.807
0.837
0.866
0.898
0.930
0.957
0.976
0.990
1.000
1.010
1.022
1.036
1.054
1.073
1.091
1.106
1.118
1.128
1.137
1.145
1.152
1.159
1.165
1.170
1.175
1.179
1.183
1.183
1.183
1.183
1.183
1.183
1.183
1.183
1.183
1.183
1.183
1.183
1.183
1.183
1.183
1.183
1.183
1.183
1.183
1.183
1.183
1.183
1.183
1.183
1.183
1.183
1.183
1.183
1.183
1.183
1.183
1.183
1.183
1.183
1.183
1.183
1.183
1.183
1.183
1.183
1.183
1.183
1.183
1.183
1.183
1.183
1.183
1.183
1.183
1.183
1.183
1.183
1.183
1.183
1.183
1.183
1.183
1.183
1.183
1.183
1.183
1.183
1.183
1.183
1.183
1.183
1.183
1.183
1.183
1.183
1.183
1.183
1.183
1.183
1.183
1.183
1.183
1.183
1.183
1.183
