0.000
0.283
0.442
0.513
0.533
0.531
0.531
0.554
0.594
0.638
0.676
0.710
0.743
0.777
0.807
0.828
0.836
0.838
0.846
0.867
0.898
0.936
0.973
1.001
1.009
1.009
1.009
1.009
1.009
1.009
1.009
1.009
1.009
1.009
1.009
1.009
1.009
1.009
1.009
1.009
1.009
1.009
1.009
1.009
1.009
1.009
1.009
1.009
1.009
1.009
1.009
1.009
1.009
1.009
1.009
1.009
1.009
1.009
1.009
1.009
1.009
1.009
1.009
1.009
1.009
1.009
1.009
1.009
1.009
1.009
1.009
1.009
1.009
1.009
1.009
1.009
1.009
1.009
1.009
1.009
1.009
1.009
1.009
1.009
1.009
1.009
1.009
1.009
1.009
1.009
1.009
1.009
1.009
1.009
1.009
1.009
1.009
1.009
1.009
1.009
1.009
1.009
1.009
1.009
1.009
1.009
1.009
1.009
1.009
1.009
1.009
1.009
1.009
1.009
1.009
1.009
1.009
1.009
1.009
1.009
1.009
1.009
